millis,batt,temp,A2,A3,maxWriteTime,minFifoFree,maxFifoUsed,maxOverruns,gpsOnFlag,unusedStack1,unusedStackIdle,index,t
31377.0,4.1,23.9,7.0,73.0,2.0,0.0,0.0,40.0,61.0,,,515.0,1467775162.95
41377.0,4.11,23.9,20.0,73.0,2.0,0.0,1.0,40.0,61.0,,,1546.0,1467775172.95
51378.0,4.13,23.5,19.0,72.0,3.0,0.0,0.0,40.0,61.0,,,2562.0,1467775182.95
61378.0,4.15,23.9,20.0,73.0,2.0,0.0,0.0,40.0,61.0,,,3563.0,1467775192.95
71376.0,4.13,23.9,19.0,73.0,2.0,0.0,0.0,40.0,61.0,,,4564.0,1467775202.95
81377.0,4.15,24.2,19.0,73.0,2.0,0.0,0.0,40.0,61.0,,,5565.0,1467775212.95
91377.0,4.15,23.9,18.0,73.0,2.0,0.0,0.0,38.0,61.0,,,6566.0,1467775222.95
101378.0,4.11,23.5,19.0,73.0,2.0,0.0,0.0,38.0,61.0,,,7567.0,1467775232.95
111378.0,4.13,23.9,18.0,73.0,2.0,0.0,0.0,38.0,61.0,,,8568.0,1467775242.95
121376.0,4.13,24.2,16.0,73.0,2.0,0.0,0.0,38.0,61.0,,,9569.0,1467775252.95
131377.0,4.15,23.5,19.0,73.0,2.0,0.0,0.0,38.0,61.0,,,10570.0,1467775262.95
141377.0,4.11,23.9,18.0,73.0,2.0,0.0,0.0,38.0,61.0,,,11571.0,1467775272.95
151377.0,4.15,23.5,18.0,73.0,2.0,0.0,0.0,38.0,61.0,,,12572.0,1467775282.95
161378.0,4.13,23.9,23.0,72.0,3.0,0.0,0.0,38.0,61.0,,,13573.0,1467775292.95
171378.0,4.13,23.5,18.0,73.0,2.0,0.0,0.0,38.0,61.0,,,14574.0,1467775302.95
181377.0,4.13,23.9,19.0,73.0,2.0,0.0,0.0,38.0,61.0,,,15575.0,1467775312.95
191377.0,4.15,23.9,23.0,72.0,3.0,0.0,0.0,38.0,61.0,,,16576.0,1467775322.95
201377.0,4.15,23.9,18.0,73.0,2.0,0.0,0.0,38.0,61.0,,,17577.0,1467775332.95
211378.0,4.15,23.5,21.0,73.0,2.0,0.0,0.0,38.0,61.0,,,18578.0,1467775342.95
221378.0,4.13,23.5,18.0,73.0,2.0,0.0,0.0,38.0,61.0,,,19579.0,1467775352.95
231376.0,4.15,23.5,18.0,73.0,2.0,0.0,0.0,38.0,61.0,,,20580.0,1467775362.95
241377.0,4.15,23.9,19.0,73.0,2.0,0.0,0.0,38.0,61.0,,,21581.0,1467775372.95
251379.0,4.15,24.2,20.0,73.0,2.0,0.0,0.0,38.0,61.0,,,22582.0,1467775382.95
261378.0,4.13,24.2,23.0,72.0,3.0,0.0,0.0,38.0,61.0,,,23583.0,1467775392.95
271378.0,4.15,23.9,21.0,73.0,2.0,0.0,0.0,38.0,61.0,,,24584.0,1467775402.95
281376.0,4.15,23.9,16.0,73.0,2.0,0.0,0.0,38.0,61.0,,,25585.0,1467775412.95
291377.0,4.15,23.9,19.0,73.0,2.0,0.0,0.0,38.0,61.0,,,26586.0,1467775422.95
301377.0,4.11,23.9,18.0,73.0,2.0,0.0,0.0,38.0,61.0,,,27587.0,1467775432.95
311377.0,4.11,23.5,20.0,73.0,2.0,0.0,0.0,38.0,61.0,,,28588.0,1467775442.95
321378.0,4.15,23.9,21.0,73.0,2.0,0.0,0.0,38.0,61.0,,,29589.0,1467775452.96
331378.0,4.15,24.2,19.0,73.0,2.0,0.0,0.0,38.0,61.0,,,30590.0,1467775462.96
341377.0,4.15,23.9,19.0,73.0,2.0,0.0,0.0,38.0,61.0,,,31591.0,1467775472.96
351377.0,4.13,23.9,19.0,73.0,2.0,0.0,0.0,38.0,61.0,,,32592.0,1467775482.96
361377.0,4.15,23.9,19.0,73.0,2.0,0.0,0.0,38.0,61.0,,,33593.0,1467775492.96
371378.0,4.11,23.9,19.0,73.0,2.0,0.0,0.0,38.0,61.0,,,34594.0,1467775502.96
381378.0,4.11,23.9,20.0,73.0,2.0,0.0,0.0,38.0,61.0,,,35595.0,1467775512.96
391376.0,4.15,23.9,18.0,73.0,2.0,0.0,0.0,38.0,61.0,,,36596.0,1467775522.96
401377.0,4.13,23.2,19.0,73.0,2.0,0.0,0.0,38.0,61.0,,,37597.0,1467775532.96
411377.0,4.13,23.9,18.0,73.0,2.0,0.0,0.0,38.0,61.0,,,38598.0,1467775542.96
421378.0,4.11,22.9,19.0,73.0,2.0,0.0,0.0,38.0,61.0,,,39599.0,1467775552.96
431378.0,4.13,23.9,22.0,72.0,3.0,0.0,0.0,38.0,61.0,,,40600.0,1467775562.96
441376.0,4.15,23.5,18.0,73.0,2.0,0.0,0.0,38.0,61.0,,,41601.0,1467775572.96
451377.0,4.13,23.5,19.0,73.0,2.0,0.0,0.0,38.0,61.0,,,42602.0,1467775582.96
461377.0,4.13,23.5,22.0,72.0,3.0,0.0,0.0,38.0,61.0,,,43603.0,1467775592.96
471377.0,4.13,23.5,18.0,73.0,2.0,0.0,0.0,38.0,61.0,,,44604.0,1467775602.96
481378.0,4.15,23.5,19.0,73.0,2.0,0.0,0.0,38.0,61.0,,,45605.0,1467775612.96
491378.0,4.15,23.5,20.0,73.0,2.0,0.0,0.0,38.0,61.0,,,46606.0,1467775622.96
501377.0,4.15,23.5,19.0,73.0,2.0,0.0,0.0,38.0,61.0,,,47607.0,1467775632.96
511377.0,4.15,23.5,21.0,73.0,2.0,0.0,0.0,38.0,61.0,,,48608.0,1467775642.96
521377.0,4.11,23.5,20.0,73.0,2.0,0.0,0.0,38.0,61.0,,,49609.0,1467775652.96
531378.0,4.15,23.5,19.0,73.0,2.0,0.0,0.0,38.0,61.0,,,50610.0,1467775662.96
541378.0,4.13,23.9,19.0,73.0,2.0,0.0,0.0,38.0,61.0,,,51611.0,1467775672.96
551376.0,4.13,23.5,18.0,73.0,2.0,0.0,0.0,38.0,61.0,,,52612.0,1467775682.96
561377.0,4.11,23.5,19.0,73.0,2.0,0.0,0.0,38.0,61.0,,,53613.0,1467775692.96
571377.0,4.15,23.5,20.0,73.0,2.0,0.0,0.0,38.0,61.0,,,54614.0,1467775702.96
581378.0,4.13,23.5,19.0,73.0,2.0,0.0,0.0,38.0,61.0,,,55615.0,1467775712.96
591378.0,4.13,23.5,18.0,73.0,2.0,0.0,0.0,38.0,61.0,,,56616.0,1467775722.96
601376.0,4.15,23.5,119.0,62.0,13.0,0.0,0.0,38.0,61.0,,,57617.0,1467775732.96
611377.0,4.13,23.2,21.0,73.0,2.0,0.0,0.0,38.0,61.0,,,58618.0,1467775742.96
621377.0,4.15,23.5,20.0,73.0,2.0,0.0,0.0,38.0,61.0,,,59619.0,1467775752.96
631377.0,4.15,23.5,25.0,72.0,3.0,0.0,0.0,38.0,61.0,,,60620.0,1467775762.96
641378.0,4.13,23.2,21.0,73.0,2.0,0.0,0.0,38.0,61.0,,,61621.0,1467775772.96
651378.0,4.15,23.2,18.0,73.0,2.0,0.0,0.0,38.0,61.0,,,62622.0,1467775782.96
661377.0,4.13,23.2,19.0,73.0,2.0,0.0,0.0,38.0,61.0,,,63623.0,1467775792.96
671377.0,4.13,23.2,21.0,72.0,3.0,0.0,0.0,38.0,61.0,,,64624.0,1467775802.96
681377.0,4.15,23.2,18.0,73.0,2.0,0.0,0.0,38.0,61.0,,,65625.0,1467775812.96
691380.0,4.15,22.9,19.0,73.0,2.0,0.0,0.0,38.0,61.0,,,66626.0,1467775822.97
701378.0,4.11,23.2,22.0,72.0,3.0,0.0,0.0,38.0,61.0,,,67627.0,1467775832.97
711376.0,4.15,23.2,19.0,73.0,2.0,0.0,0.0,38.0,61.0,,,68628.0,1467775842.96
721377.0,4.15,22.9,19.0,73.0,2.0,0.0,0.0,38.0,61.0,,,69629.0,1467775852.97
731377.0,4.11,23.5,18.0,73.0,2.0,0.0,0.0,38.0,61.0,,,70630.0,1467775862.97
741378.0,4.15,22.9,19.0,73.0,2.0,0.0,0.0,38.0,61.0,,,71631.0,1467775872.97
751378.0,4.15,23.2,18.0,73.0,2.0,0.0,0.0,38.0,61.0,,,72632.0,1467775882.97
761376.0,4.15,23.2,18.0,73.0,2.0,0.0,0.0,38.0,61.0,,,73633.0,1467775892.97
771377.0,4.15,22.9,20.0,73.0,2.0,0.0,0.0,38.0,61.0,,,74634.0,1467775902.97
781377.0,4.15,23.2,18.0,73.0,2.0,0.0,0.0,38.0,61.0,,,75635.0,1467775912.97
791377.0,4.11,22.9,20.0,73.0,2.0,0.0,0.0,38.0,61.0,,,76636.0,1467775922.97
801378.0,4.13,23.2,21.0,73.0,2.0,0.0,0.0,38.0,61.0,,,77637.0,1467775932.97
811378.0,4.15,23.5,18.0,73.0,2.0,0.0,0.0,38.0,61.0,,,78638.0,1467775942.97
821377.0,4.15,23.2,19.0,73.0,2.0,0.0,0.0,38.0,61.0,,,79639.0,1467775952.97
831377.0,4.11,22.9,20.0,73.0,2.0,0.0,0.0,38.0,61.0,,,80640.0,1467775962.97
841377.0,4.15,22.9,18.0,73.0,2.0,0.0,0.0,38.0,61.0,,,81641.0,1467775972.97
851378.0,4.13,23.5,19.0,73.0,2.0,0.0,0.0,38.0,61.0,,,82642.0,1467775982.97
861378.0,4.15,23.5,18.0,73.0,2.0,0.0,0.0,38.0,61.0,,,83643.0,1467775992.97
871376.0,4.13,23.2,18.0,73.0,2.0,0.0,0.0,38.0,61.0,,,84644.0,1467776002.97
881377.0,4.15,22.9,19.0,73.0,2.0,0.0,0.0,38.0,61.0,,,85645.0,1467776012.97
891377.0,4.11,23.5,18.0,73.0,2.0,0.0,0.0,38.0,61.0,,,86646.0,1467776022.97
901378.0,4.11,23.2,25.0,72.0,3.0,0.0,0.0,38.0,61.0,,,87647.0,1467776032.97
911378.0,4.15,22.9,20.0,73.0,2.0,0.0,0.0,38.0,61.0,,,88648.0,1467776042.97
921376.0,4.11,22.9,20.0,73.0,2.0,0.0,0.0,38.0,61.0,,,89649.0,1467776052.97
931377.0,4.15,22.9,23.0,72.0,3.0,0.0,0.0,38.0,61.0,,,90650.0,1467776062.97
941377.0,4.08,23.2,18.0,73.0,2.0,0.0,1.0,38.0,61.0,,,91651.0,1467776072.97
951377.0,4.13,22.9,18.0,73.0,2.0,0.0,1.0,38.0,61.0,,,92673.0,1467776082.97
961378.0,4.1,22.9,19.0,73.0,2.0,0.0,1.0,38.0,61.0,,,93704.0,1467776092.97
971378.0,4.13,22.9,18.0,73.0,2.0,0.0,0.0,38.0,61.0,,,94726.0,1467776102.97
981377.0,4.11,22.9,19.0,73.0,2.0,0.0,0.0,38.0,61.0,,,95727.0,1467776112.97
991377.0,4.11,22.9,19.0,73.0,2.0,0.0,0.0,38.0,61.0,,,96728.0,1467776122.97
1001377.0,4.15,23.2,18.0,73.0,2.0,0.0,0.0,38.0,61.0,,,97729.0,1467776132.97
1011378.0,4.13,22.9,21.0,73.0,2.0,0.0,0.0,38.0,61.0,,,98730.0,1467776142.97
1021378.0,4.13,22.9,18.0,73.0,2.0,0.0,0.0,38.0,61.0,,,99731.0,1467776152.97
1031376.0,4.13,23.2,18.0,73.0,2.0,0.0,0.0,38.0,61.0,,,100732.0,1467776162.97
1041377.0,4.13,22.9,19.0,73.0,2.0,0.0,0.0,38.0,61.0,,,101733.0,1467776172.97
1051377.0,4.13,23.2,18.0,73.0,2.0,0.0,0.0,38.0,61.0,,,102734.0,1467776182.97
1061378.0,4.13,23.2,20.0,72.0,3.0,0.0,0.0,38.0,61.0,,,103735.0,1467776192.98
1071378.0,4.13,22.9,18.0,73.0,2.0,0.0,0.0,38.0,61.0,,,104736.0,1467776202.98
1081376.0,4.13,22.9,31.0,71.0,4.0,0.0,0.0,38.0,61.0,,,105737.0,1467776212.97
1091377.0,4.11,22.9,19.0,73.0,2.0,0.0,0.0,38.0,61.0,,,106738.0,1467776222.98
1101377.0,4.15,23.2,19.0,73.0,2.0,0.0,0.0,38.0,61.0,,,107739.0,1467776232.98
1111377.0,4.13,22.9,18.0,73.0,2.0,0.0,0.0,38.0,61.0,,,108740.0,1467776242.98
1121378.0,4.11,22.9,19.0,73.0,2.0,0.0,0.0,38.0,61.0,,,109741.0,1467776252.98
1131378.0,4.15,23.2,18.0,73.0,2.0,0.0,0.0,38.0,61.0,,,110742.0,1467776262.98
1141377.0,4.13,22.9,19.0,73.0,2.0,0.0,0.0,38.0,61.0,,,111743.0,1467776272.98
1151377.0,4.15,22.9,19.0,73.0,2.0,0.0,0.0,38.0,61.0,,,112744.0,1467776282.98
1161377.0,4.11,22.9,19.0,73.0,2.0,0.0,0.0,38.0,61.0,,,113745.0,1467776292.98
1171378.0,4.15,22.9,19.0,73.0,2.0,0.0,0.0,38.0,61.0,,,114746.0,1467776302.98
1181378.0,4.13,23.2,20.0,73.0,2.0,0.0,0.0,38.0,61.0,,,115747.0,1467776312.98
1191380.0,4.13,22.9,22.0,73.0,2.0,0.0,0.0,38.0,61.0,,,116748.0,1467776322.98
1201377.0,4.15,22.9,23.0,72.0,3.0,0.0,0.0,38.0,61.0,,,117749.0,1467776332.98
1211377.0,4.13,22.9,18.0,73.0,2.0,0.0,0.0,38.0,61.0,,,118750.0,1467776342.98
1221378.0,4.13,22.9,19.0,73.0,2.0,0.0,0.0,38.0,61.0,,,119751.0,1467776352.98
1231378.0,4.13,22.9,22.0,72.0,3.0,0.0,0.0,38.0,61.0,,,120752.0,1467776362.98
1241376.0,4.11,22.9,18.0,73.0,2.0,0.0,0.0,38.0,61.0,,,121753.0,1467776372.98
1251377.0,4.15,22.9,19.0,73.0,2.0,0.0,0.0,38.0,61.0,,,122754.0,1467776382.98
1261377.0,4.15,22.9,20.0,73.0,2.0,0.0,0.0,38.0,61.0,,,123755.0,1467776392.98
1271377.0,4.15,22.9,18.0,73.0,2.0,0.0,0.0,38.0,61.0,,,124756.0,1467776402.98
1281378.0,4.15,22.9,21.0,73.0,2.0,0.0,0.0,38.0,61.0,,,125757.0,1467776412.98
1291378.0,4.11,22.6,18.0,73.0,2.0,0.0,0.0,38.0,61.0,,,126758.0,1467776422.98
1301377.0,4.13,22.6,19.0,73.0,2.0,0.0,0.0,38.0,61.0,,,127759.0,1467776432.98
1311377.0,4.13,22.6,19.0,73.0,2.0,0.0,0.0,38.0,61.0,,,128760.0,1467776442.98
1321377.0,4.15,22.6,20.0,73.0,2.0,0.0,0.0,38.0,61.0,,,129761.0,1467776452.98
1331378.0,4.13,22.9,19.0,73.0,2.0,0.0,0.0,38.0,61.0,,,130762.0,1467776462.98
1341378.0,4.13,22.9,20.0,73.0,2.0,0.0,0.0,38.0,61.0,,,131763.0,1467776472.98
1351376.0,4.13,22.9,18.0,73.0,2.0,0.0,0.0,38.0,61.0,,,132764.0,1467776482.98
1361377.0,4.13,22.9,19.0,73.0,2.0,0.0,0.0,38.0,61.0,,,133765.0,1467776492.98
1371377.0,4.13,22.6,18.0,73.0,2.0,0.0,0.0,38.0,61.0,,,134766.0,1467776502.98
1381378.0,4.15,22.9,19.0,73.0,2.0,0.0,0.0,38.0,61.0,,,135767.0,1467776512.98
1391378.0,4.13,22.9,19.0,73.0,2.0,0.0,0.0,38.0,61.0,,,136768.0,1467776522.98
1401376.0,4.15,22.9,18.0,73.0,2.0,0.0,0.0,38.0,61.0,,,137769.0,1467776532.98
1411377.0,4.11,22.9,19.0,73.0,2.0,0.0,0.0,38.0,61.0,,,138770.0,1467776542.98
1421377.0,4.15,22.6,18.0,73.0,2.0,0.0,0.0,38.0,61.0,,,139771.0,1467776552.98
1431377.0,4.13,22.9,18.0,73.0,2.0,0.0,0.0,38.0,61.0,,,140772.0,1467776562.98
1441378.0,4.11,22.6,21.0,73.0,2.0,0.0,0.0,38.0,61.0,,,141773.0,1467776572.99
1451378.0,4.11,22.6,20.0,73.0,2.0,0.0,0.0,38.0,61.0,,,142774.0,1467776582.99
1461381.0,4.13,22.6,19.0,73.0,2.0,0.0,0.0,38.0,61.0,,,143775.0,1467776592.99
1471377.0,4.13,22.9,23.0,72.0,3.0,0.0,0.0,38.0,61.0,,,144776.0,1467776602.99
1481377.0,4.11,22.9,18.0,73.0,2.0,0.0,0.0,38.0,61.0,,,145777.0,1467776612.99
1491378.0,4.15,22.6,19.0,73.0,2.0,0.0,0.0,38.0,61.0,,,146778.0,1467776622.99
1501378.0,4.15,22.3,22.0,72.0,3.0,0.0,0.0,38.0,61.0,,,147779.0,1467776632.99
1511376.0,4.11,22.6,18.0,73.0,2.0,0.0,0.0,38.0,61.0,,,148780.0,1467776642.99
1521377.0,4.11,22.6,19.0,73.0,2.0,0.0,0.0,38.0,61.0,,,149781.0,1467776652.99
1531377.0,4.11,22.9,19.0,73.0,2.0,0.0,0.0,38.0,61.0,,,150782.0,1467776662.99
1541378.0,4.11,22.6,19.0,73.0,2.0,0.0,0.0,38.0,61.0,,,151783.0,1467776672.99
1551378.0,4.15,22.6,18.0,73.0,2.0,0.0,0.0,38.0,61.0,,,152784.0,1467776682.99
1561376.0,4.15,22.6,18.0,73.0,2.0,0.0,0.0,38.0,61.0,,,153785.0,1467776692.99
1571377.0,4.13,22.9,19.0,73.0,2.0,0.0,0.0,38.0,61.0,,,154786.0,1467776702.99
1581377.0,4.11,22.9,18.0,73.0,2.0,0.0,0.0,38.0,61.0,,,155787.0,1467776712.99
1591377.0,4.13,22.6,18.0,73.0,2.0,0.0,0.0,38.0,61.0,,,156788.0,1467776722.99
1601378.0,4.13,22.3,19.0,73.0,2.0,0.0,0.0,38.0,61.0,,,157789.0,1467776732.99
1611378.0,4.13,22.6,20.0,73.0,2.0,0.0,0.0,38.0,61.0,,,158790.0,1467776742.99
1621377.0,4.13,22.6,19.0,73.0,2.0,0.0,0.0,38.0,61.0,,,159791.0,1467776752.99
1631377.0,4.11,22.9,19.0,73.0,2.0,0.0,0.0,38.0,61.0,,,160792.0,1467776762.99
1641377.0,4.13,22.3,18.0,73.0,2.0,0.0,0.0,38.0,61.0,,,161793.0,1467776772.99
1651378.0,4.15,22.6,21.0,73.0,2.0,0.0,0.0,38.0,61.0,,,162794.0,1467776782.99
1661378.0,4.13,22.6,18.0,73.0,2.0,0.0,0.0,38.0,61.0,,,163795.0,1467776792.99
1671376.0,4.13,22.3,22.0,73.0,2.0,0.0,0.0,38.0,61.0,,,164796.0,1467776802.99
1681377.0,4.13,22.3,19.0,73.0,2.0,0.0,0.0,38.0,61.0,,,165797.0,1467776812.99
1691377.0,4.13,22.3,20.0,73.0,2.0,0.0,0.0,38.0,61.0,,,166798.0,1467776822.99
1701378.0,4.11,22.3,19.0,73.0,2.0,0.0,0.0,38.0,61.0,,,167799.0,1467776832.99
1711378.0,4.13,22.6,18.0,73.0,2.0,0.0,0.0,38.0,61.0,,,168800.0,1467776842.99
1721376.0,4.11,22.6,19.0,73.0,2.0,0.0,0.0,38.0,61.0,,,169801.0,1467776852.99
1731381.0,4.13,22.6,19.0,73.0,2.0,0.0,0.0,38.0,61.0,,,170802.0,1467776863.0
1741377.0,4.13,22.3,24.0,72.0,3.0,0.0,0.0,38.0,61.0,,,171803.0,1467776872.99
1751377.0,4.15,22.6,18.0,73.0,2.0,0.0,0.0,38.0,61.0,,,172804.0,1467776882.99
1761378.0,4.13,21.9,21.0,73.0,2.0,0.0,0.0,38.0,61.0,,,173805.0,1467776892.99
1771378.0,4.11,22.9,24.0,72.0,3.0,0.0,0.0,38.0,61.0,,,174806.0,1467776902.99
1781377.0,4.13,22.6,19.0,73.0,2.0,0.0,0.0,38.0,61.0,,,175807.0,1467776912.99
1791377.0,4.13,22.3,19.0,73.0,2.0,0.0,0.0,38.0,61.0,,,176808.0,1467776922.99
1801377.0,4.13,22.6,20.0,73.0,2.0,0.0,0.0,38.0,61.0,,,177809.0,1467776932.99
1811378.0,4.13,22.6,19.0,73.0,2.0,0.0,0.0,38.0,61.0,,,178810.0,1467776943.0
1821378.0,4.13,22.3,18.0,73.0,2.0,0.0,0.0,38.0,61.0,,,179811.0,1467776953.0
1831376.0,4.13,22.3,18.0,73.0,2.0,0.0,0.0,38.0,61.0,,,180812.0,1467776962.99
1841377.0,4.06,22.6,21.0,73.0,2.0,0.0,1.0,38.0,61.0,,,181817.0,1467776973.0
1851377.0,4.11,22.6,33.0,71.0,4.0,0.0,1.0,38.0,61.0,,,182839.0,1467776983.0
1861378.0,4.11,22.6,19.0,71.0,4.0,0.0,1.0,38.0,61.0,,,183870.0,1467776993.0
1871378.0,4.11,22.3,18.0,73.0,2.0,0.0,0.0,38.0,61.0,,,184892.0,1467777003.0
1881380.0,4.1,22.6,18.0,73.0,2.0,0.0,0.0,38.0,61.0,,,185893.0,1467777013.0
1891377.0,4.13,22.3,23.0,72.0,3.0,0.0,0.0,38.0,61.0,,,186894.0,1467777023.0
1901377.0,4.11,22.3,18.0,73.0,2.0,0.0,0.0,38.0,61.0,,,187895.0,1467777033.0
1911377.0,4.15,22.9,18.0,73.0,2.0,0.0,0.0,38.0,61.0,,,188896.0,1467777043.0
1921378.0,4.13,22.6,21.0,73.0,2.0,0.0,0.0,38.0,61.0,,,189897.0,1467777053.0
1931378.0,4.13,22.3,18.0,73.0,2.0,0.0,0.0,38.0,61.0,,,190898.0,1467777063.0
1941377.0,4.15,22.3,19.0,73.0,2.0,0.0,0.0,38.0,61.0,,,191899.0,1467777073.0
1951377.0,4.13,22.3,19.0,73.0,2.0,0.0,0.0,38.0,61.0,,,192900.0,1467777083.0
1961377.0,4.13,22.3,18.0,73.0,2.0,0.0,0.0,38.0,61.0,,,193901.0,1467777093.0
1971378.0,4.11,22.3,19.0,73.0,2.0,0.0,0.0,38.0,61.0,,,194902.0,1467777103.0
1981378.0,4.13,22.6,18.0,73.0,2.0,0.0,0.0,38.0,61.0,,,195903.0,1467777113.0
1991376.0,4.11,22.3,18.0,73.0,2.0,0.0,0.0,38.0,61.0,,,196904.0,1467777123.0
2001377.0,4.11,22.6,19.0,73.0,2.0,0.0,0.0,38.0,61.0,,,197905.0,1467777133.0
2011377.0,4.13,22.6,18.0,73.0,2.0,0.0,0.0,38.0,61.0,,,198906.0,1467777143.0
2021378.0,4.13,22.3,19.0,73.0,2.0,0.0,0.0,38.0,61.0,,,199907.0,1467777153.0
2031378.0,4.13,22.6,18.0,73.0,2.0,0.0,0.0,38.0,61.0,,,200908.0,1467777163.0
2041376.0,4.13,22.3,18.0,73.0,2.0,0.0,0.0,38.0,61.0,,,201909.0,1467777173.0
2051377.0,4.11,22.6,19.0,73.0,2.0,0.0,0.0,38.0,61.0,,,202910.0,1467777183.0
2061377.0,4.13,22.6,22.0,73.0,2.0,0.0,0.0,38.0,61.0,,,203911.0,1467777193.0
2071377.0,4.11,22.3,21.0,73.0,2.0,0.0,0.0,38.0,61.0,,,204912.0,1467777203.0
2081378.0,4.15,22.3,21.0,73.0,2.0,0.0,0.0,38.0,61.0,,,205913.0,1467777213.0
2091378.0,4.11,22.6,20.0,73.0,2.0,0.0,0.0,38.0,61.0,,,206914.0,1467777223.0
2101377.0,4.13,22.3,19.0,73.0,2.0,0.0,0.0,38.0,61.0,,,207915.0,1467777233.0
2111377.0,4.13,22.6,19.0,73.0,2.0,0.0,0.0,38.0,61.0,,,208916.0,1467777243.0
2121377.0,4.13,22.3,20.0,73.0,2.0,0.0,0.0,38.0,61.0,,,209917.0,1467777253.0
2131378.0,4.13,22.3,21.0,73.0,2.0,0.0,0.0,38.0,61.0,,,210918.0,1467777263.0
2141378.0,4.11,21.9,18.0,73.0,2.0,0.0,0.0,38.0,61.0,,,211919.0,1467777273.0
2151380.0,4.11,22.6,19.0,73.0,2.0,0.0,0.0,38.0,61.0,,,212920.0,1467777283.01
2161377.0,4.11,22.6,23.0,72.0,3.0,0.0,0.0,38.0,61.0,,,213921.0,1467777293.0
2171377.0,4.13,22.3,20.0,73.0,2.0,0.0,0.0,38.0,61.0,,,214922.0,1467777303.0
2181378.0,4.13,22.3,19.0,73.0,2.0,0.0,0.0,38.0,61.0,,,215923.0,1467777313.01
2191378.0,4.13,22.6,19.0,73.0,2.0,0.0,0.0,38.0,61.0,,,216924.0,1467777323.01
2201376.0,4.13,22.3,18.0,73.0,2.0,0.0,0.0,38.0,61.0,,,217925.0,1467777333.0
2211377.0,4.13,22.6,31.0,71.0,4.0,0.0,0.0,38.0,61.0,,,218926.0,1467777343.01
2221377.0,4.11,22.3,20.0,73.0,2.0,0.0,0.0,38.0,61.0,,,219927.0,1467777353.01
2231377.0,4.1,22.3,19.0,73.0,2.0,0.0,0.0,38.0,61.0,,,220928.0,1467777363.01
2241378.0,4.13,21.9,19.0,73.0,2.0,0.0,0.0,38.0,61.0,,,221929.0,1467777373.01
2251378.0,4.13,21.9,20.0,73.0,2.0,0.0,0.0,38.0,61.0,,,222930.0,1467777383.01
2261377.0,4.13,21.9,19.0,73.0,2.0,0.0,0.0,38.0,61.0,,,223931.0,1467777393.01
2271377.0,4.11,21.9,19.0,73.0,2.0,0.0,0.0,38.0,61.0,,,224932.0,1467777403.01
2281377.0,4.13,22.3,18.0,73.0,2.0,0.0,0.0,38.0,61.0,,,225933.0,1467777413.01
2291378.0,4.13,22.3,21.0,73.0,2.0,0.0,0.0,38.0,61.0,,,226934.0,1467777423.01
2301378.0,4.13,22.3,18.0,73.0,2.0,0.0,0.0,38.0,61.0,,,227935.0,1467777433.01
2311376.0,4.13,22.3,18.0,73.0,2.0,0.0,0.0,38.0,61.0,,,228936.0,1467777443.01
2321377.0,4.15,22.3,19.0,73.0,2.0,0.0,0.0,38.0,61.0,,,229937.0,1467777453.01
2331377.0,4.13,22.3,22.0,72.0,3.0,0.0,0.0,38.0,61.0,,,230938.0,1467777463.01
2341378.0,4.13,21.9,21.0,73.0,2.0,0.0,0.0,38.0,61.0,,,231939.0,1467777473.01
2351378.0,4.13,22.3,18.0,73.0,2.0,0.0,0.0,38.0,61.0,,,232940.0,1467777483.01
2361376.0,4.13,22.3,22.0,72.0,3.0,0.0,0.0,38.0,61.0,,,233941.0,1467777493.01
2371377.0,4.13,21.9,19.0,73.0,2.0,0.0,0.0,38.0,61.0,,,234942.0,1467777503.01
2381377.0,4.11,22.3,21.0,73.0,2.0,0.0,0.0,38.0,61.0,,,235943.0,1467777513.01
2391377.0,4.13,22.3,18.0,73.0,2.0,0.0,0.0,38.0,61.0,,,236944.0,1467777523.01
2401378.0,4.13,22.3,21.0,73.0,2.0,0.0,0.0,38.0,61.0,,,237945.0,1467777533.01
2411378.0,4.13,22.3,18.0,73.0,2.0,0.0,0.0,38.0,61.0,,,238946.0,1467777543.01
2421381.0,4.1,22.3,19.0,73.0,2.0,0.0,0.0,38.0,61.0,,,239947.0,1467777553.02
2431377.0,4.11,22.3,23.0,72.0,3.0,0.0,0.0,38.0,61.0,,,240948.0,1467777563.01
2441377.0,4.13,21.9,20.0,73.0,2.0,0.0,0.0,38.0,61.0,,,241949.0,1467777573.01
2451378.0,4.13,22.3,19.0,73.0,2.0,0.0,0.0,38.0,61.0,,,242950.0,1467777583.01
2461378.0,4.13,21.9,18.0,73.0,2.0,0.0,0.0,38.0,61.0,,,243951.0,1467777593.01
2471376.0,4.11,22.3,18.0,73.0,2.0,0.0,0.0,38.0,61.0,,,244952.0,1467777603.01
2481377.0,4.11,22.3,19.0,73.0,2.0,0.0,0.0,38.0,61.0,,,245953.0,1467777613.01
2491377.0,4.13,22.3,18.0,73.0,2.0,0.0,0.0,38.0,61.0,,,246954.0,1467777623.01
2501378.0,4.13,22.3,19.0,73.0,2.0,0.0,0.0,38.0,61.0,,,247955.0,1467777633.01
2511378.0,4.13,22.3,18.0,73.0,2.0,0.0,0.0,38.0,61.0,,,248956.0,1467777643.01
2521376.0,4.11,21.9,18.0,73.0,2.0,0.0,0.0,38.0,61.0,,,249957.0,1467777653.01
2531377.0,4.11,22.3,19.0,73.0,2.0,0.0,0.0,38.0,61.0,,,250958.0,1467777663.01
2541377.0,4.13,21.9,20.0,73.0,2.0,0.0,0.0,38.0,61.0,,,251959.0,1467777673.01
2551377.0,4.13,21.9,18.0,73.0,2.0,0.0,0.0,38.0,61.0,,,252960.0,1467777683.01
2561378.0,4.13,21.9,30.0,71.0,4.0,0.0,0.0,38.0,61.0,,,253961.0,1467777693.02
2571378.0,4.13,22.3,20.0,73.0,2.0,0.0,0.0,38.0,61.0,,,254962.0,1467777703.02
2581377.0,4.11,21.9,19.0,73.0,2.0,0.0,0.0,38.0,61.0,,,255963.0,1467777713.02
2591377.0,4.13,21.9,19.0,73.0,2.0,0.0,0.0,38.0,61.0,,,256964.0,1467777723.02
2601377.0,4.13,21.9,37.0,71.0,4.0,0.0,0.0,38.0,61.0,,,257965.0,1467777733.02
2611378.0,4.13,22.3,19.0,73.0,2.0,0.0,0.0,38.0,61.0,,,258966.0,1467777743.02
2621378.0,4.15,22.3,18.0,73.0,2.0,0.0,0.0,38.0,61.0,,,259967.0,1467777753.02
2631376.0,4.11,22.3,22.0,72.0,3.0,0.0,0.0,38.0,61.0,,,260968.0,1467777763.02
2641377.0,4.13,22.3,19.0,73.0,2.0,0.0,0.0,38.0,61.0,,,261969.0,1467777773.02
2651377.0,4.11,22.3,20.0,73.0,2.0,0.0,0.0,38.0,61.0,,,262970.0,1467777783.02
2661378.0,4.11,21.9,21.0,73.0,2.0,0.0,0.0,38.0,61.0,,,263971.0,1467777793.02
2671378.0,4.13,21.9,18.0,73.0,2.0,0.0,0.0,38.0,61.0,,,264972.0,1467777803.02
2681376.0,4.11,21.9,20.0,73.0,2.0,0.0,0.0,38.0,61.0,,,265973.0,1467777813.02
2691377.0,4.11,21.6,19.0,73.0,2.0,0.0,0.0,38.0,61.0,,,266974.0,1467777823.02
2701377.0,4.11,21.9,22.0,73.0,2.0,0.0,0.0,38.0,61.0,,,267975.0,1467777833.02
2711377.0,4.13,21.9,18.0,73.0,2.0,0.0,0.0,38.0,61.0,,,268976.0,1467777843.02
2721378.0,4.13,22.3,19.0,73.0,2.0,0.0,0.0,38.0,61.0,,,269977.0,1467777853.02
2731378.0,4.13,21.9,20.0,73.0,2.0,0.0,0.0,38.0,61.0,,,270978.0,1467777863.02
2741377.0,4.1,21.9,19.0,73.0,2.0,0.0,1.0,38.0,61.0,,,271979.0,1467777873.02
2751377.0,4.11,21.9,21.0,73.0,2.0,0.0,1.0,38.0,61.0,,,272999.0,1467777883.02
2761377.0,4.06,21.9,20.0,73.0,2.0,0.0,1.0,38.0,61.0,,,274030.0,1467777893.02
2771378.0,4.11,22.3,19.0,73.0,2.0,0.0,0.0,38.0,61.0,,,275052.0,1467777903.02
2781378.0,4.13,22.3,61.0,69.0,6.0,0.0,0.0,38.0,61.0,,,276053.0,1467777913.02
2791376.0,4.11,22.3,18.0,73.0,2.0,0.0,0.0,38.0,61.0,,,277054.0,1467777923.02
2801377.0,4.15,21.6,25.0,72.0,3.0,0.0,0.0,38.0,61.0,,,278055.0,1467777933.02
2811377.0,4.13,21.9,19.0,73.0,2.0,0.0,0.0,38.0,61.0,,,279056.0,1467777943.02
2821378.0,4.13,22.3,21.0,73.0,2.0,0.0,0.0,38.0,61.0,,,280057.0,1467777953.02
2831378.0,4.11,22.3,18.0,73.0,2.0,0.0,0.0,38.0,61.0,,,281058.0,1467777963.02
2841376.0,4.13,22.3,18.0,73.0,2.0,0.0,0.0,38.0,61.0,,,282059.0,1467777973.02
2851377.0,4.11,21.9,19.0,73.0,2.0,0.0,0.0,38.0,61.0,,,283060.0,1467777983.02
2861379.0,4.1,22.3,18.0,73.0,2.0,0.0,0.0,38.0,61.0,,,284061.0,1467777993.03
2871377.0,4.11,22.3,23.0,72.0,3.0,0.0,0.0,38.0,61.0,,,285062.0,1467778003.02
2881378.0,4.1,22.3,19.0,73.0,2.0,0.0,0.0,38.0,61.0,,,286063.0,1467778013.02
2891378.0,4.13,21.9,33.0,71.0,4.0,0.0,0.0,38.0,61.0,,,287064.0,1467778023.02
2901377.0,4.13,21.9,19.0,73.0,2.0,0.0,0.0,38.0,61.0,,,288065.0,1467778033.02
2911377.0,4.11,22.3,21.0,73.0,2.0,0.0,0.0,38.0,61.0,,,289066.0,1467778043.02
2921377.0,4.13,22.3,20.0,73.0,2.0,0.0,0.0,38.0,61.0,,,290067.0,1467778053.02
2931378.0,4.13,21.9,21.0,73.0,2.0,0.0,0.0,38.0,61.0,,,291068.0,1467778063.03
2941378.0,4.13,22.3,18.0,73.0,2.0,0.0,0.0,38.0,61.0,,,292069.0,1467778073.03
2951376.0,4.13,21.9,19.0,73.0,2.0,0.0,0.0,38.0,61.0,,,293070.0,1467778083.02
2961377.0,4.13,21.9,19.0,73.0,2.0,0.0,0.0,38.0,61.0,,,294071.0,1467778093.03
2971377.0,4.13,22.3,18.0,73.0,2.0,0.0,0.0,38.0,61.0,,,295072.0,1467778103.03
2981378.0,4.13,21.6,19.0,73.0,2.0,0.0,0.0,38.0,61.0,,,296073.0,1467778113.03
2991378.0,4.13,21.6,21.0,73.0,2.0,0.0,0.0,38.0,61.0,,,297074.0,1467778123.03
3001376.0,4.13,21.9,18.0,73.0,2.0,0.0,0.0,38.0,61.0,,,298075.0,1467778133.03
3011377.0,4.11,22.3,19.0,73.0,2.0,0.0,0.0,38.0,61.0,,,299076.0,1467778143.03
3021377.0,4.11,21.9,18.0,73.0,2.0,0.0,0.0,38.0,61.0,,,300077.0,1467778153.03
3031377.0,4.13,21.9,20.0,73.0,2.0,0.0,0.0,38.0,61.0,,,301078.0,1467778163.03
3041378.0,4.13,21.9,25.0,72.0,3.0,0.0,0.0,38.0,61.0,,,302079.0,1467778173.03
3051378.0,4.13,21.6,18.0,73.0,2.0,0.0,0.0,38.0,61.0,,,303080.0,1467778183.03
3061377.0,4.13,21.6,19.0,73.0,2.0,0.0,0.0,38.0,61.0,,,304081.0,1467778193.03
3071377.0,4.13,21.9,23.0,73.0,2.0,0.0,0.0,38.0,61.0,,,305082.0,1467778203.03
3081377.0,4.13,22.3,20.0,73.0,2.0,0.0,0.0,38.0,61.0,,,306083.0,1467778213.03
3091378.0,4.13,22.3,19.0,73.0,2.0,0.0,0.0,38.0,61.0,,,307084.0,1467778223.03
3101378.0,4.11,22.3,18.0,73.0,2.0,0.0,0.0,38.0,61.0,,,308085.0,1467778233.03
3111376.0,4.11,22.3,18.0,73.0,2.0,0.0,0.0,38.0,61.0,,,309086.0,1467778243.03
3121377.0,4.1,21.9,19.0,73.0,2.0,0.0,0.0,38.0,61.0,,,310087.0,1467778253.03
3131379.0,4.11,21.9,18.0,73.0,2.0,0.0,0.0,38.0,61.0,,,311088.0,1467778263.03
3141378.0,4.13,22.3,23.0,72.0,3.0,0.0,0.0,38.0,61.0,,,312089.0,1467778273.03
3151378.0,4.13,22.3,18.0,73.0,2.0,0.0,0.0,38.0,61.0,,,313090.0,1467778283.03
3161376.0,4.13,21.6,19.0,73.0,2.0,0.0,0.0,38.0,61.0,,,314091.0,1467778293.03
3171377.0,4.13,22.3,19.0,73.0,2.0,0.0,0.0,38.0,61.0,,,315092.0,1467778303.03
3181377.0,4.13,21.9,20.0,73.0,2.0,0.0,0.0,38.0,61.0,,,316093.0,1467778313.03
3191377.0,4.11,21.9,18.0,73.0,2.0,0.0,0.0,38.0,61.0,,,317094.0,1467778323.03
3201378.0,4.1,21.6,21.0,73.0,2.0,0.0,0.0,38.0,61.0,,,318095.0,1467778333.03
3211376.0,4.13,21.6,18.0,73.0,2.0,0.0,0.0,38.0,61.0,,,319096.0,1467778343.03
3221377.0,4.11,22.3,19.0,73.0,2.0,0.0,0.0,38.0,61.0,,,320097.0,1467778353.03
3231377.0,4.11,21.9,19.0,73.0,2.0,0.0,0.0,38.0,61.0,,,321098.0,1467778363.03
3241377.0,4.13,22.3,19.0,73.0,2.0,0.0,0.0,38.0,61.0,,,322099.0,1467778373.03
3251378.0,4.13,21.9,21.0,73.0,2.0,0.0,0.0,38.0,61.0,,,323100.0,1467778383.03
3261378.0,4.13,21.6,20.0,73.0,2.0,0.0,0.0,38.0,61.0,,,324101.0,1467778393.03
3271376.0,4.11,21.9,18.0,73.0,2.0,0.0,0.0,38.0,61.0,,,325102.0,1467778403.03
3281377.0,4.13,22.3,19.0,73.0,2.0,0.0,0.0,38.0,61.0,,,326103.0,1467778413.03
3291377.0,4.13,21.6,18.0,73.0,2.0,0.0,0.0,38.0,61.0,,,327104.0,1467778423.03
3301378.0,4.13,21.6,19.0,73.0,2.0,0.0,0.0,38.0,61.0,,,328105.0,1467778433.04
3311378.0,4.11,21.6,25.0,72.0,3.0,0.0,0.0,38.0,61.0,,,329106.0,1467778443.04
3321376.0,4.13,21.9,18.0,73.0,2.0,0.0,0.0,38.0,61.0,,,330107.0,1467778453.03
3331377.0,4.13,21.6,19.0,73.0,2.0,0.0,0.0,38.0,61.0,,,331108.0,1467778463.04
3341377.0,4.13,22.3,22.0,72.0,3.0,0.0,0.0,38.0,61.0,,,332109.0,1467778473.04
3351377.0,4.11,21.6,18.0,73.0,2.0,0.0,0.0,38.0,61.0,,,333110.0,1467778483.04
3361378.0,4.11,21.9,19.0,73.0,2.0,0.0,0.0,38.0,61.0,,,334111.0,1467778493.04
3371378.0,4.13,21.6,18.0,73.0,2.0,0.0,0.0,38.0,61.0,,,335112.0,1467778503.04
3381377.0,4.13,21.9,19.0,73.0,2.0,0.0,0.0,38.0,61.0,,,336113.0,1467778513.04
3391377.0,4.13,21.9,19.0,73.0,2.0,0.0,0.0,38.0,61.0,,,337114.0,1467778523.04
3401377.0,4.11,22.3,20.0,73.0,2.0,0.0,0.0,38.0,61.0,,,338115.0,1467778533.04
3411378.0,4.13,21.6,20.0,73.0,2.0,0.0,0.0,38.0,61.0,,,339116.0,1467778543.04
3421378.0,4.13,21.9,18.0,73.0,2.0,0.0,0.0,38.0,61.0,,,340117.0,1467778553.04
3431376.0,4.11,21.9,18.0,73.0,2.0,0.0,0.0,38.0,61.0,,,341118.0,1467778563.04
3441377.0,4.13,22.3,19.0,73.0,2.0,0.0,0.0,38.0,61.0,,,342119.0,1467778573.04
3451377.0,4.13,21.6,18.0,73.0,2.0,0.0,0.0,38.0,61.0,,,343120.0,1467778583.04
3461378.0,4.11,21.9,21.0,73.0,2.0,0.0,0.0,38.0,61.0,,,344121.0,1467778593.04
3471378.0,4.13,21.6,18.0,73.0,2.0,0.0,0.0,38.0,61.0,,,345122.0,1467778603.04
3481376.0,4.13,21.6,18.0,73.0,2.0,0.0,0.0,38.0,61.0,,,346123.0,1467778613.04
3491377.0,4.13,21.6,21.0,73.0,2.0,0.0,0.0,38.0,61.0,,,347124.0,1467778623.04
3501377.0,4.11,21.6,22.0,72.0,3.0,0.0,0.0,38.0,61.0,,,348125.0,1467778633.04
3511377.0,4.13,21.9,18.0,72.0,3.0,0.0,0.0,38.0,61.0,,,349126.0,1467778643.04
3521378.0,4.11,21.9,19.0,73.0,2.0,0.0,0.0,38.0,61.0,,,350127.0,1467778653.04
3531378.0,4.13,21.6,18.0,73.0,2.0,0.0,0.0,38.0,61.0,,,351128.0,1467778663.04
3541377.0,4.11,21.9,19.0,73.0,2.0,0.0,0.0,38.0,61.0,,,352129.0,1467778673.04
3551377.0,4.13,21.9,19.0,73.0,2.0,0.0,0.0,38.0,61.0,,,353130.0,1467778683.04
3561377.0,4.11,21.9,20.0,73.0,2.0,0.0,0.0,38.0,61.0,,,354131.0,1467778693.04
3571378.0,4.13,21.6,21.0,73.0,2.0,0.0,0.0,38.0,61.0,,,355132.0,1467778703.04
3581378.0,4.13,21.6,24.0,72.0,3.0,0.0,0.0,38.0,61.0,,,356133.0,1467778713.04
3591376.0,4.13,21.9,18.0,73.0,2.0,0.0,0.0,38.0,61.0,,,357134.0,1467778723.04
3601377.0,4.13,21.6,19.0,73.0,2.0,0.0,0.0,38.0,61.0,,,358135.0,1467778733.04
3611377.0,4.13,21.9,22.0,72.0,3.0,0.0,0.0,38.0,61.0,,,359136.0,1467778743.04
3621378.0,4.11,21.6,19.0,73.0,2.0,0.0,0.0,38.0,61.0,,,360137.0,1467778753.04
3631378.0,4.11,21.6,86.0,67.0,8.0,0.0,0.0,38.0,61.0,,,501.0,1467778763.04
3641376.0,4.1,21.6,18.0,73.0,2.0,0.0,1.0,38.0,61.0,,,1523.0,1467778773.04
3651377.0,4.1,21.6,19.0,72.0,3.0,0.0,1.0,38.0,61.0,,,2554.0,1467778783.04
3661377.0,4.1,21.6,20.0,73.0,2.0,0.0,0.0,38.0,61.0,,,3572.0,1467778793.04
3671377.0,4.13,21.6,20.0,73.0,2.0,0.0,0.0,38.0,61.0,,,4573.0,1467778803.04
3681378.0,4.1,21.9,19.0,73.0,2.0,0.0,0.0,38.0,61.0,,,5574.0,1467778813.05
3691378.0,4.11,21.6,20.0,73.0,2.0,0.0,0.0,38.0,61.0,,,6575.0,1467778823.05
3701377.0,4.11,21.9,19.0,73.0,2.0,0.0,0.0,38.0,61.0,,,7576.0,1467778833.05
3711377.0,4.13,21.6,21.0,73.0,2.0,0.0,0.0,38.0,61.0,,,8577.0,1467778843.05
3721377.0,4.11,21.6,18.0,73.0,2.0,0.0,0.0,38.0,61.0,,,9578.0,1467778853.05
3731378.0,4.13,21.6,19.0,73.0,2.0,0.0,0.0,38.0,61.0,,,10579.0,1467778863.05
3741378.0,4.11,21.9,18.0,73.0,2.0,0.0,0.0,38.0,61.0,,,11580.0,1467778873.05
3751376.0,4.11,21.6,18.0,73.0,2.0,0.0,0.0,38.0,61.0,,,12581.0,1467778883.05
3761377.0,4.1,21.9,19.0,73.0,2.0,0.0,0.0,38.0,61.0,,,13582.0,1467778893.05
3771377.0,4.11,21.6,18.0,73.0,2.0,0.0,0.0,38.0,61.0,,,14583.0,1467778903.05
3781378.0,4.13,21.3,19.0,73.0,2.0,0.0,0.0,38.0,61.0,,,15584.0,1467778913.05
3791378.0,4.13,21.6,53.0,70.0,5.0,0.0,0.0,38.0,61.0,,,16585.0,1467778923.05
3801376.0,4.13,21.6,18.0,73.0,2.0,0.0,0.0,38.0,61.0,,,17586.0,1467778933.05
3811377.0,4.13,21.6,19.0,73.0,2.0,0.0,0.0,38.0,61.0,,,18587.0,1467778943.05
3821377.0,4.11,21.6,18.0,73.0,2.0,0.0,0.0,38.0,61.0,,,19588.0,1467778953.05
3831377.0,4.13,21.9,20.0,73.0,2.0,0.0,0.0,38.0,61.0,,,20589.0,1467778963.05
3841380.0,4.11,21.6,19.0,73.0,2.0,0.0,0.0,38.0,61.0,,,21590.0,1467778973.05
3851378.0,4.13,21.6,22.0,72.0,3.0,0.0,0.0,38.0,61.0,,,22591.0,1467778983.05
3861377.0,4.13,21.6,19.0,73.0,2.0,0.0,0.0,38.0,61.0,,,23592.0,1467778993.05
3871377.0,4.13,21.9,19.0,73.0,2.0,0.0,0.0,38.0,61.0,,,24593.0,1467779003.05
3881377.0,4.13,21.6,18.0,73.0,2.0,0.0,0.0,38.0,61.0,,,25594.0,1467779013.05
3891378.0,4.11,21.9,19.0,73.0,2.0,0.0,0.0,38.0,61.0,,,26595.0,1467779023.05
3901378.0,4.1,21.6,20.0,73.0,2.0,0.0,0.0,38.0,61.0,,,27596.0,1467779033.05
3911376.0,4.11,21.6,18.0,73.0,2.0,0.0,0.0,38.0,61.0,,,28597.0,1467779043.05
3921377.0,4.13,21.9,19.0,73.0,2.0,0.0,0.0,38.0,61.0,,,29598.0,1467779053.05
3931377.0,4.11,21.6,20.0,73.0,2.0,0.0,0.0,38.0,61.0,,,30599.0,1467779063.05
3941378.0,4.1,21.9,19.0,73.0,2.0,0.0,0.0,38.0,61.0,,,31600.0,1467779073.05
3951378.0,4.13,21.9,20.0,73.0,2.0,0.0,0.0,38.0,61.0,,,32601.0,1467779083.05
3961376.0,4.11,21.6,18.0,73.0,2.0,0.0,0.0,38.0,61.0,,,33602.0,1467779093.05
3971377.0,4.13,21.6,19.0,73.0,2.0,0.0,0.0,38.0,61.0,,,34603.0,1467779103.05
3981377.0,4.1,21.9,20.0,73.0,2.0,0.0,0.0,38.0,61.0,,,35604.0,1467779113.05
3991377.0,4.11,21.6,20.0,73.0,2.0,0.0,0.0,38.0,61.0,,,36605.0,1467779123.05
4001378.0,4.13,21.3,19.0,73.0,2.0,0.0,0.0,38.0,61.0,,,37606.0,1467779133.05
4011378.0,4.13,21.6,20.0,73.0,2.0,0.0,0.0,38.0,61.0,,,38607.0,1467779143.06
4021377.0,4.11,21.6,23.0,72.0,3.0,0.0,0.0,38.0,61.0,,,39608.0,1467779153.05
4031377.0,4.13,21.6,19.0,73.0,2.0,0.0,0.0,38.0,61.0,,,40609.0,1467779163.05
4041377.0,4.13,21.6,19.0,73.0,2.0,0.0,0.0,38.0,61.0,,,41610.0,1467779173.05
4051378.0,4.11,21.6,25.0,72.0,3.0,0.0,0.0,38.0,61.0,,,42611.0,1467779183.06
4061378.0,4.11,21.3,131.0,52.0,23.0,0.0,0.0,38.0,61.0,,,43612.0,1467779193.06
4071376.0,4.11,21.6,22.0,73.0,2.0,0.0,0.0,38.0,61.0,,,44613.0,1467779203.05
4081377.0,4.13,21.6,21.0,73.0,2.0,0.0,0.0,38.0,61.0,,,45614.0,1467779213.06
4091377.0,4.13,21.6,18.0,73.0,2.0,0.0,0.0,38.0,61.0,,,46615.0,1467779223.06
4101378.0,4.11,21.9,19.0,73.0,2.0,0.0,0.0,38.0,61.0,,,47616.0,1467779233.06
4111378.0,4.11,21.6,21.0,73.0,2.0,0.0,0.0,38.0,61.0,,,48617.0,1467779243.06
4121376.0,4.11,21.6,18.0,73.0,2.0,0.0,0.0,38.0,61.0,,,49618.0,1467779253.06
4131377.0,4.11,21.3,19.0,73.0,2.0,0.0,0.0,38.0,61.0,,,50619.0,1467779263.06
4141377.0,4.11,21.3,22.0,72.0,3.0,0.0,0.0,38.0,61.0,,,51620.0,1467779273.06
4151377.0,4.11,21.6,18.0,73.0,2.0,0.0,0.0,38.0,61.0,,,52621.0,1467779283.06
4161378.0,4.13,21.6,21.0,73.0,2.0,0.0,0.0,38.0,61.0,,,53622.0,1467779293.06
4171378.0,4.1,21.6,20.0,73.0,2.0,0.0,0.0,38.0,61.0,,,54623.0,1467779303.06
4181377.0,4.13,21.6,19.0,73.0,2.0,0.0,0.0,38.0,61.0,,,55624.0,1467779313.06
4191377.0,4.13,21.6,19.0,73.0,2.0,0.0,0.0,38.0,61.0,,,56625.0,1467779323.06
4201377.0,4.11,21.3,18.0,73.0,2.0,0.0,0.0,38.0,61.0,,,57626.0,1467779333.06
4211378.0,4.11,21.6,19.0,73.0,2.0,0.0,0.0,38.0,61.0,,,58627.0,1467779343.06
4221378.0,4.1,21.6,22.0,72.0,3.0,0.0,0.0,38.0,61.0,,,59628.0,1467779353.06
4231376.0,4.11,21.6,43.0,71.0,4.0,0.0,0.0,38.0,61.0,,,60629.0,1467779363.06
4241377.0,4.13,21.3,19.0,73.0,2.0,0.0,0.0,38.0,61.0,,,61630.0,1467779373.06
4251377.0,4.13,21.6,20.0,73.0,2.0,0.0,0.0,38.0,61.0,,,62631.0,1467779383.06
4261378.0,4.11,21.6,19.0,73.0,2.0,0.0,0.0,38.0,61.0,,,63632.0,1467779393.06
4271378.0,4.13,21.6,18.0,73.0,2.0,0.0,0.0,38.0,61.0,,,64633.0,1467779403.06
4281380.0,4.13,21.6,18.0,73.0,2.0,0.0,0.0,38.0,61.0,,,65634.0,1467779413.06
4291377.0,4.13,21.6,23.0,72.0,3.0,0.0,0.0,38.0,61.0,,,66635.0,1467779423.06
4301377.0,4.11,21.6,18.0,73.0,2.0,0.0,0.0,38.0,61.0,,,67636.0,1467779433.06
4311379.0,4.11,21.3,18.0,73.0,2.0,0.0,0.0,38.0,61.0,,,68637.0,1467779443.06
4321378.0,4.11,21.3,23.0,72.0,3.0,0.0,0.0,38.0,61.0,,,69638.0,1467779453.06
4331378.0,4.11,21.3,20.0,73.0,2.0,0.0,0.0,38.0,61.0,,,70639.0,1467779463.06
4341377.0,4.13,21.3,19.0,73.0,2.0,0.0,0.0,38.0,61.0,,,71640.0,1467779473.06
4351377.0,4.13,21.3,21.0,73.0,2.0,0.0,0.0,38.0,61.0,,,72641.0,1467779483.06
4361377.0,4.11,21.3,20.0,73.0,2.0,0.0,0.0,38.0,61.0,,,73642.0,1467779493.06
4371378.0,4.11,21.6,19.0,73.0,2.0,0.0,0.0,38.0,61.0,,,74643.0,1467779503.06
4381378.0,4.13,21.3,18.0,73.0,2.0,0.0,0.0,38.0,61.0,,,75644.0,1467779513.06
4391376.0,4.13,21.6,18.0,73.0,2.0,0.0,0.0,38.0,61.0,,,76645.0,1467779523.06
4401377.0,4.11,21.3,19.0,73.0,2.0,0.0,0.0,38.0,61.0,,,77646.0,1467779533.06
4411377.0,4.1,21.6,18.0,73.0,2.0,0.0,0.0,38.0,61.0,,,78647.0,1467779543.06
4421378.0,4.13,21.6,19.0,73.0,2.0,0.0,0.0,38.0,61.0,,,79648.0,1467779553.07
4431378.0,4.11,21.6,18.0,73.0,2.0,0.0,0.0,38.0,61.0,,,80649.0,1467779563.07
4441376.0,4.11,21.6,18.0,73.0,2.0,0.0,0.0,38.0,61.0,,,81650.0,1467779573.06
4451377.0,4.11,21.3,19.0,73.0,2.0,0.0,0.0,38.0,61.0,,,82651.0,1467779583.07
4461377.0,4.1,21.3,20.0,73.0,2.0,0.0,0.0,38.0,61.0,,,83652.0,1467779593.07
4471377.0,4.13,21.3,30.0,71.0,4.0,0.0,0.0,38.0,61.0,,,84653.0,1467779603.07
4481378.0,4.13,21.3,19.0,73.0,2.0,0.0,0.0,38.0,61.0,,,85654.0,1467779613.07
4491378.0,4.11,21.3,20.0,73.0,2.0,0.0,0.0,38.0,61.0,,,86655.0,1467779623.07
4501377.0,4.13,21.3,20.0,73.0,2.0,0.0,0.0,38.0,61.0,,,87656.0,1467779633.07
4511377.0,4.13,21.6,19.0,73.0,2.0,0.0,0.0,38.0,61.0,,,88657.0,1467779643.07
4521377.0,4.11,21.3,20.0,73.0,2.0,0.0,0.0,38.0,61.0,,,89658.0,1467779653.07
4531378.0,4.08,21.6,21.0,73.0,2.0,0.0,0.0,38.0,61.0,,,90659.0,1467779663.07
4541378.0,4.08,21.3,18.0,73.0,2.0,0.0,1.0,38.0,61.0,,,91660.0,1467779673.07
4551378.0,4.08,21.3,18.0,73.0,2.0,0.0,1.0,38.0,61.0,,,92683.0,1467779683.07
4561385.0,4.1,21.6,21.0,71.0,4.0,0.0,1.0,38.0,61.0,,,93716.0,1467779693.08
4571377.0,4.08,21.3,18.0,72.0,3.0,0.0,0.0,38.0,61.0,,,94735.0,1467779703.07
4581378.0,4.13,21.3,19.0,73.0,2.0,0.0,0.0,38.0,61.0,,,95736.0,1467779713.07
4591378.0,4.11,21.3,18.0,73.0,2.0,0.0,0.0,38.0,61.0,,,96737.0,1467779723.07
4601376.0,4.1,21.3,18.0,73.0,2.0,0.0,0.0,38.0,61.0,,,97738.0,1467779733.07
4611377.0,4.11,21.3,19.0,73.0,2.0,0.0,0.0,38.0,61.0,,,98739.0,1467779743.07
4621377.0,4.1,21.3,20.0,73.0,2.0,0.0,0.0,38.0,61.0,,,99740.0,1467779753.07
4631377.0,4.11,21.3,18.0,73.0,2.0,0.0,0.0,38.0,61.0,,,100741.0,1467779763.07
4641378.0,4.1,21.3,21.0,73.0,2.0,0.0,0.0,38.0,61.0,,,101742.0,1467779773.07
4651378.0,4.11,21.3,22.0,73.0,2.0,0.0,0.0,38.0,61.0,,,102743.0,1467779783.07
4661377.0,4.11,21.3,21.0,73.0,2.0,0.0,0.0,38.0,61.0,,,103744.0,1467779793.07
4671377.0,4.11,21.6,19.0,73.0,2.0,0.0,0.0,38.0,61.0,,,104745.0,1467779803.07
4681377.0,4.11,21.3,18.0,73.0,2.0,0.0,0.0,38.0,61.0,,,105746.0,1467779813.07
4691378.0,4.1,21.3,23.0,72.0,3.0,0.0,0.0,38.0,61.0,,,106747.0,1467779823.07
4701378.0,4.11,21.6,18.0,73.0,2.0,0.0,0.0,38.0,61.0,,,107748.0,1467779833.07
4711376.0,4.13,21.3,18.0,73.0,2.0,0.0,0.0,38.0,61.0,,,108749.0,1467779843.07
4721377.0,4.1,21.6,25.0,72.0,3.0,0.0,0.0,38.0,61.0,,,109750.0,1467779853.07
4731377.0,4.11,21.3,18.0,73.0,2.0,0.0,0.0,38.0,61.0,,,110751.0,1467779863.07
4741378.0,4.1,21.3,19.0,73.0,2.0,0.0,0.0,38.0,61.0,,,111752.0,1467779873.07
4751378.0,4.11,21.3,18.0,73.0,2.0,0.0,0.0,38.0,61.0,,,112753.0,1467779883.07
4761376.0,4.11,21.6,20.0,73.0,2.0,0.0,0.0,38.0,61.0,,,113754.0,1467779893.07
4771377.0,4.13,21.0,19.0,73.0,2.0,0.0,0.0,38.0,61.0,,,114755.0,1467779903.07
4781379.0,4.11,21.3,20.0,73.0,2.0,0.0,0.0,38.0,61.0,,,115756.0,1467779913.08
4791377.0,4.13,21.6,23.0,72.0,3.0,0.0,0.0,38.0,61.0,,,116757.0,1467779923.07
4801378.0,4.11,21.3,21.0,73.0,2.0,0.0,0.0,38.0,61.0,,,117758.0,1467779933.08
4811378.0,4.1,21.6,18.0,73.0,2.0,0.0,0.0,38.0,61.0,,,118759.0,1467779943.08
4821377.0,4.13,21.3,19.0,73.0,2.0,0.0,0.0,38.0,61.0,,,119760.0,1467779953.08
4831377.0,4.11,21.3,19.0,73.0,2.0,0.0,0.0,38.0,61.0,,,120761.0,1467779963.08
4841377.0,4.1,21.3,18.0,73.0,2.0,0.0,0.0,38.0,61.0,,,121762.0,1467779973.08
4851378.0,4.11,21.0,19.0,73.0,2.0,0.0,0.0,38.0,61.0,,,122763.0,1467779983.08
4861378.0,4.11,21.3,18.0,73.0,2.0,0.0,0.0,38.0,61.0,,,123764.0,1467779993.08
4871376.0,4.11,21.6,21.0,73.0,2.0,0.0,0.0,38.0,61.0,,,124765.0,1467780003.08
4881377.0,4.11,21.3,19.0,73.0,2.0,0.0,0.0,38.0,61.0,,,125766.0,1467780013.08
4891377.0,4.11,21.3,20.0,73.0,2.0,0.0,0.0,38.0,61.0,,,126767.0,1467780023.08
4901378.0,4.1,21.0,19.0,73.0,2.0,0.0,0.0,38.0,61.0,,,127768.0,1467780033.08
4911378.0,4.11,21.3,18.0,73.0,2.0,0.0,0.0,38.0,61.0,,,128769.0,1467780043.08
4921376.0,4.11,21.3,18.0,73.0,2.0,0.0,0.0,38.0,61.0,,,129770.0,1467780053.08
4931377.0,4.13,21.3,19.0,73.0,2.0,0.0,0.0,38.0,61.0,,,130771.0,1467780063.08
4941377.0,4.11,21.3,20.0,73.0,2.0,0.0,0.0,38.0,61.0,,,131772.0,1467780073.08
4951377.0,4.11,21.3,19.0,73.0,2.0,0.0,0.0,38.0,61.0,,,132773.0,1467780083.08
4961378.0,4.11,21.0,23.0,72.0,3.0,0.0,0.0,38.0,61.0,,,133774.0,1467780093.08
4971378.0,4.1,21.6,19.0,73.0,2.0,0.0,0.0,38.0,61.0,,,134775.0,1467780103.08
4981377.0,4.1,21.6,19.0,73.0,2.0,0.0,0.0,38.0,61.0,,,135776.0,1467780113.08
4991377.0,4.11,21.3,19.0,73.0,2.0,0.0,0.0,38.0,61.0,,,136777.0,1467780123.08
5001377.0,4.13,21.3,20.0,73.0,2.0,0.0,0.0,38.0,61.0,,,137778.0,1467780133.08
5011378.0,4.11,21.3,21.0,73.0,2.0,0.0,0.0,38.0,61.0,,,138779.0,1467780143.08
5021378.0,4.11,21.6,18.0,73.0,2.0,0.0,0.0,38.0,61.0,,,139780.0,1467780153.08
5031376.0,4.11,21.3,18.0,73.0,2.0,0.0,0.0,38.0,61.0,,,140781.0,1467780163.08
5041377.0,4.11,21.6,19.0,73.0,2.0,0.0,0.0,38.0,61.0,,,141782.0,1467780173.08
5051377.0,4.11,21.3,19.0,73.0,2.0,0.0,0.0,38.0,61.0,,,142783.0,1467780183.08
5061378.0,4.08,21.3,19.0,73.0,2.0,0.0,0.0,38.0,61.0,,,143784.0,1467780193.08
5071378.0,4.1,21.3,31.0,72.0,3.0,0.0,0.0,38.0,61.0,,,144785.0,1467780203.08
5081376.0,4.11,21.6,18.0,73.0,2.0,0.0,0.0,38.0,61.0,,,145786.0,1467780213.08
5091377.0,4.11,21.3,19.0,73.0,2.0,0.0,0.0,38.0,61.0,,,146787.0,1467780223.08
5101377.0,4.11,21.0,18.0,73.0,2.0,0.0,0.0,38.0,61.0,,,147788.0,1467780233.08
5111377.0,4.11,21.3,18.0,73.0,2.0,0.0,0.0,38.0,61.0,,,148789.0,1467780243.08
5121380.0,4.11,21.3,19.0,73.0,2.0,0.0,0.0,38.0,61.0,,,149790.0,1467780253.09
5131378.0,4.11,21.0,22.0,72.0,3.0,0.0,0.0,38.0,61.0,,,150791.0,1467780263.09
5141377.0,4.08,21.3,19.0,73.0,2.0,0.0,0.0,38.0,61.0,,,151792.0,1467780273.08
5151377.0,4.11,21.6,19.0,73.0,2.0,0.0,0.0,38.0,61.0,,,152793.0,1467780283.08
5161377.0,4.11,21.3,18.0,73.0,2.0,0.0,0.0,38.0,61.0,,,153794.0,1467780293.08
5171378.0,4.13,21.0,19.0,73.0,2.0,0.0,0.0,38.0,61.0,,,154795.0,1467780303.09
5181378.0,4.08,21.3,20.0,73.0,2.0,0.0,0.0,38.0,61.0,,,155796.0,1467780313.09
5191380.0,4.1,21.0,18.0,73.0,2.0,0.0,0.0,38.0,61.0,,,156797.0,1467780323.09
5201377.0,4.1,21.3,23.0,72.0,3.0,0.0,0.0,38.0,61.0,,,157798.0,1467780333.09
5211377.0,4.11,21.3,20.0,73.0,2.0,0.0,0.0,38.0,61.0,,,158799.0,1467780343.09
5221378.0,4.13,21.0,21.0,73.0,2.0,0.0,0.0,38.0,61.0,,,159800.0,1467780353.09
5231378.0,4.13,21.3,22.0,72.0,3.0,0.0,0.0,38.0,61.0,,,160801.0,1467780363.09
5241376.0,4.1,21.3,32.0,71.0,4.0,0.0,0.0,38.0,61.0,,,161802.0,1467780373.09
5251377.0,4.1,21.3,19.0,73.0,2.0,0.0,0.0,38.0,61.0,,,162803.0,1467780383.09
5261377.0,4.11,21.3,20.0,73.0,2.0,0.0,0.0,38.0,61.0,,,163804.0,1467780393.09
5271377.0,4.11,21.0,20.0,73.0,2.0,0.0,0.0,38.0,61.0,,,164805.0,1467780403.09
5281378.0,4.11,21.0,19.0,73.0,2.0,0.0,0.0,38.0,61.0,,,165806.0,1467780413.09
5291378.0,4.11,21.3,18.0,73.0,2.0,0.0,0.0,38.0,61.0,,,166807.0,1467780423.09
5301377.0,4.08,21.3,19.0,73.0,2.0,0.0,0.0,38.0,61.0,,,167808.0,1467780433.09
5311377.0,4.1,21.3,19.0,73.0,2.0,0.0,0.0,38.0,61.0,,,168809.0,1467780443.09
5321377.0,4.11,21.3,18.0,73.0,2.0,0.0,0.0,38.0,61.0,,,169810.0,1467780453.09
5331378.0,4.13,21.3,19.0,73.0,2.0,0.0,0.0,38.0,61.0,,,170811.0,1467780463.09
5341378.0,4.13,21.0,18.0,73.0,2.0,0.0,0.0,38.0,61.0,,,171812.0,1467780473.09
5351376.0,4.11,21.3,18.0,73.0,2.0,0.0,0.0,38.0,61.0,,,172813.0,1467780483.09
5361377.0,4.13,21.3,19.0,73.0,2.0,0.0,0.0,38.0,61.0,,,173814.0,1467780493.09
5371377.0,4.11,21.3,18.0,73.0,2.0,0.0,0.0,38.0,61.0,,,174815.0,1467780503.09
5381378.0,4.08,21.3,19.0,73.0,2.0,0.0,0.0,38.0,61.0,,,175816.0,1467780513.09
5391378.0,4.11,21.0,18.0,73.0,2.0,0.0,0.0,38.0,61.0,,,176817.0,1467780523.09
5401376.0,4.1,21.6,22.0,72.0,3.0,0.0,0.0,38.0,61.0,,,177818.0,1467780533.09
5411377.0,4.08,21.0,19.0,73.0,2.0,0.0,0.0,38.0,61.0,,,178819.0,1467780543.09
5421377.0,4.11,21.0,18.0,73.0,2.0,0.0,0.0,38.0,61.0,,,179820.0,1467780553.09
5431377.0,4.1,21.0,18.0,73.0,2.0,0.0,0.0,38.0,61.0,,,180821.0,1467780563.09
5441378.0,4.08,21.3,19.0,73.0,2.0,0.0,1.0,38.0,61.0,,,181824.0,1467780573.09
5451384.0,4.08,21.3,20.0,73.0,2.0,0.0,1.0,38.0,61.0,,,182846.0,1467780583.1
5461377.0,4.1,21.3,21.0,72.0,3.0,0.0,1.0,38.0,61.0,,,183877.0,1467780593.09
5471377.0,4.1,21.3,19.0,73.0,2.0,0.0,0.0,38.0,61.0,,,184896.0,1467780603.09
5481377.0,4.11,21.3,20.0,73.0,2.0,0.0,0.0,38.0,61.0,,,185897.0,1467780613.09
5491378.0,4.11,21.3,19.0,73.0,2.0,0.0,0.0,38.0,61.0,,,186898.0,1467780623.09
5501378.0,4.11,21.3,18.0,73.0,2.0,0.0,0.0,38.0,61.0,,,187899.0,1467780633.1
5511380.0,4.11,21.0,18.0,73.0,2.0,0.0,0.0,38.0,61.0,,,188900.0,1467780643.1
5521377.0,4.1,21.3,23.0,72.0,3.0,0.0,0.0,38.0,61.0,,,189901.0,1467780653.09
5531377.0,4.11,21.0,18.0,73.0,2.0,0.0,0.0,38.0,61.0,,,190902.0,1467780663.09
5541378.0,4.1,21.0,23.0,72.0,3.0,0.0,0.0,38.0,61.0,,,191903.0,1467780673.1
5551378.0,4.11,21.3,18.0,73.0,2.0,0.0,0.0,38.0,61.0,,,192904.0,1467780683.1
5561376.0,4.11,21.3,16.0,73.0,2.0,0.0,0.0,38.0,61.0,,,193905.0,1467780693.09
5571377.0,4.11,21.0,24.0,71.0,4.0,0.0,0.0,38.0,61.0,,,194906.0,1467780703.1
5581377.0,4.08,21.0,20.0,73.0,2.0,0.0,0.0,38.0,61.0,,,195907.0,1467780713.1
5591377.0,4.13,21.3,18.0,73.0,2.0,0.0,0.0,38.0,61.0,,,196908.0,1467780723.1
5601380.0,4.11,21.3,19.0,73.0,2.0,0.0,0.0,38.0,61.0,,,197909.0,1467780733.1
5611378.0,4.11,21.0,22.0,71.0,4.0,0.0,0.0,38.0,61.0,,,198910.0,1467780743.1
5621377.0,4.13,21.0,19.0,73.0,2.0,0.0,0.0,38.0,61.0,,,199911.0,1467780753.1
5631377.0,4.11,20.6,19.0,73.0,2.0,0.0,0.0,38.0,61.0,,,200912.0,1467780763.1
5641377.0,4.11,21.3,22.0,72.0,3.0,0.0,0.0,38.0,61.0,,,201913.0,1467780773.1
5651378.0,4.13,21.3,19.0,73.0,2.0,0.0,0.0,38.0,61.0,,,202914.0,1467780783.1
5661378.0,4.11,21.3,18.0,73.0,2.0,0.0,0.0,38.0,61.0,,,203915.0,1467780793.1
5671376.0,4.11,21.6,18.0,73.0,2.0,0.0,0.0,38.0,61.0,,,204916.0,1467780803.1
5681377.0,4.11,21.0,19.0,73.0,2.0,0.0,0.0,38.0,61.0,,,205917.0,1467780813.1
5691377.0,4.11,21.3,18.0,73.0,2.0,0.0,0.0,38.0,61.0,,,206918.0,1467780823.1
5701378.0,4.11,21.3,19.0,73.0,2.0,0.0,0.0,38.0,61.0,,,207919.0,1467780833.1
5711378.0,4.11,21.3,18.0,73.0,2.0,0.0,0.0,38.0,61.0,,,208920.0,1467780843.1
5721376.0,4.11,21.3,18.0,73.0,2.0,0.0,0.0,38.0,61.0,,,209921.0,1467780853.1
5731377.0,4.1,21.3,19.0,73.0,2.0,0.0,0.0,38.0,61.0,,,210922.0,1467780863.1
5741377.0,4.11,21.0,18.0,73.0,2.0,0.0,0.0,38.0,61.0,,,211923.0,1467780873.1
5751377.0,4.11,21.3,18.0,73.0,2.0,0.0,0.0,38.0,61.0,,,212924.0,1467780883.1
5761378.0,4.11,21.3,19.0,73.0,2.0,0.0,0.0,38.0,61.0,,,213925.0,1467780893.1
5771378.0,4.11,21.3,18.0,73.0,2.0,0.0,0.0,38.0,61.0,,,214926.0,1467780903.1
5781377.0,4.11,21.0,19.0,73.0,2.0,0.0,0.0,38.0,61.0,,,215927.0,1467780913.1
5791377.0,4.1,21.3,148.0,50.0,25.0,0.0,0.0,38.0,61.0,,,216928.0,1467780923.1
5801379.0,4.08,21.0,20.0,73.0,2.0,0.0,0.0,38.0,61.0,,,217929.0,1467780933.1
5811378.0,4.11,21.3,25.0,72.0,3.0,0.0,0.0,38.0,61.0,,,218930.0,1467780943.1
5821378.0,4.11,21.0,20.0,73.0,2.0,0.0,0.0,38.0,61.0,,,219931.0,1467780953.1
5831376.0,4.11,21.0,18.0,73.0,2.0,0.0,0.0,38.0,61.0,,,220932.0,1467780963.1
5841377.0,4.11,21.3,23.0,72.0,3.0,0.0,0.0,38.0,61.0,,,221933.0,1467780973.1
5851377.0,4.13,21.3,19.0,73.0,2.0,0.0,0.0,38.0,61.0,,,222934.0,1467780983.1
5861378.0,4.1,21.0,19.0,73.0,2.0,0.0,0.0,38.0,61.0,,,223935.0,1467780993.1
5871378.0,4.11,21.0,18.0,73.0,2.0,0.0,0.0,38.0,61.0,,,224936.0,1467781003.1
5881376.0,4.11,21.3,18.0,73.0,2.0,0.0,0.0,38.0,61.0,,,225937.0,1467781013.1
5891377.0,4.08,21.0,19.0,73.0,2.0,0.0,0.0,38.0,61.0,,,226938.0,1467781023.1
5901377.0,4.11,21.0,22.0,72.0,3.0,0.0,0.0,38.0,61.0,,,227939.0,1467781033.1
5911377.0,4.11,21.0,20.0,73.0,2.0,0.0,0.0,38.0,61.0,,,228940.0,1467781043.11
5921378.0,4.11,21.3,21.0,73.0,2.0,0.0,0.0,38.0,61.0,,,229941.0,1467781053.11
5931378.0,4.11,21.0,20.0,73.0,2.0,0.0,0.0,38.0,61.0,,,230942.0,1467781063.11
5941377.0,4.11,21.0,19.0,73.0,2.0,0.0,0.0,38.0,61.0,,,231943.0,1467781073.11
5951377.0,4.11,21.0,19.0,73.0,2.0,0.0,0.0,38.0,61.0,,,232944.0,1467781083.11
5961377.0,4.08,20.6,20.0,73.0,2.0,0.0,0.0,38.0,61.0,,,233945.0,1467781093.11
5971378.0,4.11,21.3,19.0,73.0,2.0,0.0,0.0,38.0,61.0,,,234946.0,1467781103.11
5981378.0,4.13,21.0,18.0,73.0,2.0,0.0,0.0,38.0,61.0,,,235947.0,1467781113.11
5991376.0,4.11,21.0,18.0,73.0,2.0,0.0,0.0,38.0,61.0,,,236948.0,1467781123.11
6001377.0,4.13,21.0,19.0,73.0,2.0,0.0,0.0,38.0,61.0,,,237949.0,1467781133.11
6011377.0,4.11,21.0,20.0,73.0,2.0,0.0,0.0,38.0,61.0,,,238950.0,1467781143.11
6021378.0,4.11,21.0,19.0,73.0,2.0,0.0,0.0,38.0,61.0,,,239951.0,1467781153.11
6031378.0,4.11,21.0,18.0,73.0,2.0,0.0,0.0,38.0,61.0,,,240952.0,1467781163.11
6041376.0,4.11,21.0,17.0,73.0,2.0,0.0,0.0,38.0,61.0,,,241953.0,1467781173.11
6051377.0,4.11,20.6,19.0,73.0,2.0,0.0,0.0,38.0,61.0,,,242954.0,1467781183.11
6061377.0,4.1,20.6,18.0,73.0,2.0,0.0,0.0,38.0,61.0,,,243955.0,1467781193.11
6071379.0,4.11,21.0,18.0,73.0,2.0,0.0,0.0,38.0,61.0,,,244956.0,1467781203.11
6081378.0,4.08,21.0,23.0,72.0,3.0,0.0,0.0,38.0,61.0,,,245957.0,1467781213.11
6091378.0,4.11,21.0,18.0,73.0,2.0,0.0,0.0,38.0,61.0,,,246958.0,1467781223.11
6101377.0,4.11,21.3,20.0,73.0,2.0,0.0,0.0,38.0,61.0,,,247959.0,1467781233.11
6111377.0,4.13,21.0,19.0,73.0,2.0,0.0,0.0,38.0,61.0,,,248960.0,1467781243.11
6121377.0,4.1,21.3,20.0,73.0,2.0,0.0,0.0,38.0,61.0,,,249961.0,1467781253.11
6131378.0,4.11,21.0,19.0,73.0,2.0,0.0,0.0,38.0,61.0,,,250962.0,1467781263.11
6141378.0,4.11,21.3,20.0,73.0,2.0,0.0,0.0,38.0,61.0,,,251963.0,1467781273.11
6151376.0,4.1,21.3,18.0,73.0,2.0,0.0,0.0,38.0,61.0,,,252964.0,1467781283.11
6161377.0,4.1,21.0,19.0,73.0,2.0,0.0,0.0,38.0,61.0,,,253965.0,1467781293.11
6171377.0,4.1,20.6,18.0,73.0,2.0,0.0,0.0,38.0,61.0,,,254966.0,1467781303.11
6181378.0,4.11,21.0,19.0,73.0,2.0,0.0,0.0,38.0,61.0,,,255967.0,1467781313.11
6191378.0,4.11,20.6,18.0,73.0,2.0,0.0,0.0,38.0,61.0,,,256968.0,1467781323.11
6201376.0,4.1,21.0,18.0,73.0,2.0,0.0,0.0,38.0,61.0,,,257969.0,1467781333.11
6211377.0,4.08,20.6,21.0,72.0,3.0,0.0,0.0,38.0,61.0,,,258970.0,1467781343.11
6221377.0,4.11,21.0,18.0,73.0,2.0,0.0,0.0,38.0,61.0,,,259971.0,1467781353.11
6231377.0,4.11,21.3,21.0,73.0,2.0,0.0,0.0,38.0,61.0,,,260972.0,1467781363.11
6241378.0,4.1,21.0,49.0,69.0,6.0,0.0,0.0,38.0,61.0,,,261973.0,1467781373.11
6251378.0,4.11,21.3,24.0,72.0,3.0,0.0,0.0,38.0,61.0,,,262974.0,1467781383.12
6261377.0,4.13,21.0,19.0,73.0,2.0,0.0,0.0,38.0,61.0,,,263975.0,1467781393.11
6271377.0,4.11,21.0,19.0,73.0,2.0,0.0,0.0,38.0,61.0,,,264976.0,1467781403.11
6281377.0,4.1,21.0,22.0,72.0,3.0,0.0,0.0,38.0,61.0,,,265977.0,1467781413.11
6291378.0,4.11,21.0,21.0,73.0,2.0,0.0,0.0,38.0,61.0,,,266978.0,1467781423.12
6301378.0,4.11,20.6,20.0,73.0,2.0,0.0,0.0,38.0,61.0,,,267979.0,1467781433.12
6311376.0,4.11,21.3,18.0,73.0,2.0,0.0,0.0,38.0,61.0,,,268980.0,1467781443.11
6321377.0,4.1,21.0,19.0,73.0,2.0,0.0,0.0,38.0,61.0,,,269981.0,1467781453.12
6331377.0,4.11,21.0,19.0,73.0,2.0,0.0,0.0,38.0,61.0,,,270982.0,1467781463.12
6341380.0,4.06,21.0,19.0,73.0,2.0,0.0,1.0,38.0,61.0,,,271983.0,1467781473.12
6351378.0,4.08,21.0,22.0,72.0,3.0,0.0,1.0,38.0,61.0,,,272994.0,1467781483.12
6361380.0,4.04,21.3,16.0,73.0,2.0,0.0,1.0,38.0,61.0,,,274025.0,1467781493.12
6371377.0,4.1,21.0,25.0,72.0,3.0,0.0,0.0,38.0,61.0,,,275047.0,1467781503.12
6381377.0,4.11,21.0,22.0,73.0,2.0,0.0,0.0,38.0,61.0,,,276048.0,1467781513.12
6391377.0,4.1,21.0,20.0,73.0,2.0,0.0,0.0,38.0,61.0,,,277049.0,1467781523.12
6401380.0,4.08,21.0,21.0,73.0,2.0,0.0,0.0,38.0,61.0,,,278050.0,1467781533.12
6411378.0,4.11,20.6,24.0,72.0,3.0,0.0,0.0,38.0,61.0,,,279051.0,1467781543.12
6421377.0,4.11,21.0,19.0,73.0,2.0,0.0,0.0,38.0,61.0,,,280052.0,1467781553.12
6431377.0,4.11,20.6,19.0,73.0,2.0,0.0,0.0,38.0,61.0,,,281053.0,1467781563.12
6441377.0,4.1,20.6,18.0,73.0,2.0,0.0,0.0,38.0,61.0,,,282054.0,1467781573.12
6451378.0,4.11,21.0,21.0,73.0,2.0,0.0,0.0,38.0,61.0,,,283055.0,1467781583.12
6461378.0,4.13,20.6,18.0,73.0,2.0,0.0,0.0,38.0,61.0,,,284056.0,1467781593.12
6471376.0,4.08,21.0,19.0,73.0,2.0,0.0,0.0,38.0,61.0,,,285057.0,1467781603.12
6481377.0,4.11,21.0,19.0,73.0,2.0,0.0,0.0,38.0,61.0,,,286058.0,1467781613.12
6491377.0,4.1,21.0,18.0,73.0,2.0,0.0,0.0,38.0,61.0,,,287059.0,1467781623.12
6501378.0,4.11,21.0,19.0,73.0,2.0,0.0,0.0,38.0,61.0,,,288060.0,1467781633.12
6511378.0,4.11,20.6,19.0,73.0,2.0,0.0,0.0,38.0,61.0,,,289061.0,1467781643.12
6521376.0,4.11,21.0,20.0,73.0,2.0,0.0,0.0,38.0,61.0,,,290062.0,1467781653.12
6531377.0,4.11,20.6,19.0,73.0,2.0,0.0,0.0,38.0,61.0,,,291063.0,1467781663.12
6541377.0,4.11,21.0,18.0,73.0,2.0,0.0,0.0,38.0,61.0,,,292064.0,1467781673.12
6551377.0,4.1,21.0,20.0,73.0,2.0,0.0,0.0,38.0,61.0,,,293065.0,1467781683.12
6561378.0,4.11,20.6,21.0,73.0,2.0,0.0,0.0,38.0,61.0,,,294066.0,1467781693.12
6571378.0,4.11,21.0,18.0,73.0,2.0,0.0,0.0,38.0,61.0,,,295067.0,1467781703.12
6581377.0,4.11,21.0,23.0,72.0,3.0,0.0,0.0,38.0,61.0,,,296068.0,1467781713.12
6591377.0,4.1,20.6,19.0,73.0,2.0,0.0,0.0,38.0,61.0,,,297069.0,1467781723.12
6601377.0,4.11,21.0,20.0,73.0,2.0,0.0,0.0,38.0,61.0,,,298070.0,1467781733.12
6611378.0,4.1,21.0,35.0,70.0,5.0,0.0,0.0,38.0,61.0,,,299071.0,1467781743.12
6621378.0,4.11,20.6,20.0,73.0,2.0,0.0,0.0,38.0,61.0,,,300072.0,1467781753.13
6631376.0,4.13,20.6,22.0,72.0,3.0,0.0,0.0,38.0,61.0,,,301073.0,1467781763.12
6641377.0,4.1,21.0,19.0,73.0,2.0,0.0,0.0,38.0,61.0,,,302074.0,1467781773.12
6651377.0,4.11,20.6,18.0,73.0,2.0,0.0,0.0,38.0,61.0,,,303075.0,1467781783.12
6661378.0,4.11,21.0,19.0,73.0,2.0,0.0,0.0,38.0,61.0,,,304076.0,1467781793.13
6671378.0,4.11,21.0,21.0,73.0,2.0,0.0,0.0,38.0,61.0,,,305077.0,1467781803.13
6681376.0,4.1,20.6,18.0,73.0,2.0,0.0,0.0,38.0,61.0,,,306078.0,1467781813.12
6691377.0,4.11,20.6,19.0,73.0,2.0,0.0,0.0,38.0,61.0,,,307079.0,1467781823.13
6701377.0,4.1,20.6,20.0,73.0,2.0,0.0,0.0,38.0,61.0,,,308080.0,1467781833.13
6711377.0,4.11,21.0,18.0,73.0,2.0,0.0,0.0,38.0,61.0,,,309081.0,1467781843.13
6721378.0,4.11,21.0,19.0,73.0,2.0,0.0,0.0,38.0,61.0,,,310082.0,1467781853.13
6731378.0,4.13,20.6,18.0,73.0,2.0,0.0,0.0,38.0,61.0,,,311083.0,1467781863.13
6741377.0,4.08,21.0,19.0,73.0,2.0,0.0,0.0,38.0,61.0,,,312084.0,1467781873.13
6751379.0,4.06,21.0,60.0,69.0,6.0,0.0,0.0,38.0,61.0,,,313085.0,1467781883.13
6761377.0,4.11,21.0,24.0,72.0,3.0,0.0,0.0,38.0,61.0,,,314086.0,1467781893.13
6771378.0,4.11,20.6,21.0,73.0,2.0,0.0,0.0,38.0,61.0,,,315087.0,1467781903.13
6781378.0,4.11,21.0,18.0,73.0,2.0,0.0,0.0,38.0,61.0,,,316088.0,1467781913.13
6791376.0,4.11,21.0,18.0,73.0,2.0,0.0,0.0,38.0,61.0,,,317089.0,1467781923.13
6801377.0,4.1,21.0,19.0,73.0,2.0,0.0,0.0,38.0,61.0,,,318090.0,1467781933.13
6811377.0,4.1,21.0,20.0,73.0,2.0,0.0,0.0,38.0,61.0,,,319091.0,1467781943.13
6821378.0,4.1,20.6,19.0,73.0,2.0,0.0,0.0,38.0,61.0,,,320092.0,1467781953.13
6831378.0,4.08,20.6,18.0,73.0,2.0,0.0,0.0,38.0,61.0,,,321093.0,1467781963.13
6841380.0,4.1,20.6,18.0,73.0,2.0,0.0,0.0,38.0,61.0,,,322094.0,1467781973.13
6851377.0,4.1,21.0,23.0,72.0,3.0,0.0,0.0,38.0,61.0,,,323095.0,1467781983.13
6861377.0,4.1,20.6,18.0,73.0,2.0,0.0,0.0,38.0,61.0,,,324096.0,1467781993.13
6871377.0,4.11,20.6,18.0,73.0,2.0,0.0,0.0,38.0,61.0,,,325097.0,1467782003.13
6881378.0,4.08,21.0,23.0,72.0,3.0,0.0,0.0,38.0,61.0,,,326098.0,1467782013.13
6891378.0,4.13,20.6,33.0,71.0,4.0,0.0,0.0,38.0,61.0,,,327099.0,1467782023.13
6901377.0,4.1,20.6,19.0,73.0,2.0,0.0,0.0,38.0,61.0,,,328100.0,1467782033.13
6911377.0,4.1,21.0,19.0,73.0,2.0,0.0,0.0,38.0,61.0,,,329101.0,1467782043.13
6921377.0,4.1,20.6,20.0,73.0,2.0,0.0,0.0,38.0,61.0,,,330102.0,1467782053.13
6931378.0,4.1,20.6,21.0,73.0,2.0,0.0,0.0,38.0,61.0,,,331103.0,1467782063.13
6941378.0,4.1,21.0,20.0,73.0,2.0,0.0,0.0,38.0,61.0,,,332104.0,1467782073.13
6951376.0,4.1,20.6,20.0,73.0,2.0,0.0,0.0,38.0,61.0,,,333105.0,1467782083.13
6961377.0,4.11,20.6,21.0,73.0,2.0,0.0,0.0,38.0,61.0,,,334106.0,1467782093.13
6971377.0,4.11,20.6,22.0,73.0,2.0,0.0,0.0,38.0,61.0,,,335107.0,1467782103.13
6981378.0,4.11,21.0,19.0,73.0,2.0,0.0,0.0,38.0,61.0,,,336108.0,1467782113.13
6991378.0,4.1,20.6,19.0,73.0,2.0,0.0,0.0,38.0,61.0,,,337109.0,1467782123.14
7001376.0,4.11,20.6,18.0,73.0,2.0,0.0,0.0,38.0,61.0,,,338110.0,1467782133.13
7011377.0,4.1,21.0,19.0,73.0,2.0,0.0,0.0,38.0,61.0,,,339111.0,1467782143.13
7021377.0,4.11,21.0,18.0,73.0,2.0,0.0,0.0,38.0,61.0,,,340112.0,1467782153.13
7031377.0,4.08,21.0,19.0,73.0,2.0,0.0,0.0,38.0,61.0,,,341113.0,1467782163.14
7041378.0,4.11,21.0,19.0,73.0,2.0,0.0,0.0,38.0,61.0,,,342114.0,1467782173.14
7051378.0,4.11,21.0,19.0,73.0,2.0,0.0,0.0,38.0,61.0,,,343115.0,1467782183.14
7061377.0,4.11,21.0,19.0,73.0,2.0,0.0,0.0,38.0,61.0,,,344116.0,1467782193.14
7071377.0,4.1,21.0,19.0,73.0,2.0,0.0,0.0,38.0,61.0,,,345117.0,1467782203.14
7081377.0,4.11,20.6,18.0,73.0,2.0,0.0,0.0,38.0,61.0,,,346118.0,1467782213.14
7091378.0,4.11,21.0,20.0,73.0,2.0,0.0,0.0,38.0,61.0,,,347119.0,1467782223.14
7101378.0,4.11,20.6,20.0,73.0,2.0,0.0,0.0,38.0,61.0,,,348120.0,1467782233.14
7111380.0,4.1,21.0,19.0,73.0,2.0,0.0,0.0,38.0,61.0,,,349121.0,1467782243.14
7121377.0,4.11,21.0,23.0,72.0,3.0,0.0,0.0,38.0,61.0,,,350122.0,1467782253.14
7131377.0,4.08,20.6,18.0,73.0,2.0,0.0,0.0,38.0,61.0,,,351123.0,1467782263.14
7141378.0,4.08,21.0,19.0,73.0,2.0,0.0,0.0,38.0,61.0,,,352124.0,1467782273.14
7151378.0,4.13,21.0,22.0,72.0,3.0,0.0,0.0,38.0,61.0,,,353125.0,1467782283.14
7161376.0,4.11,20.6,18.0,73.0,2.0,0.0,0.0,38.0,61.0,,,354126.0,1467782293.14
7171377.0,4.11,20.3,19.0,73.0,2.0,0.0,0.0,38.0,61.0,,,355127.0,1467782303.14
7181377.0,4.11,20.6,18.0,73.0,2.0,0.0,0.0,38.0,61.0,,,356128.0,1467782313.14
7191377.0,4.11,20.6,19.0,73.0,2.0,0.0,0.0,38.0,61.0,,,357129.0,1467782323.14
7201378.0,4.08,20.6,21.0,73.0,2.0,0.0,0.0,38.0,61.0,,,358130.0,1467782333.14
7211378.0,4.11,20.6,20.0,73.0,2.0,0.0,0.0,38.0,61.0,,,359131.0,1467782343.14
7221377.0,4.11,20.6,20.0,72.0,3.0,0.0,0.0,38.0,61.0,,,360132.0,1467782353.14
