year,date,lat,lon,t
2020,294.623240741,43.62224,-116.20602,2020-10-20T14:57:28.000000Z
2020,294.623252315,43.62224,-116.20603,2020-10-20T14:57:29.000000Z
2020,294.623263889,43.62224,-116.20603,2020-10-20T14:57:30.000000Z
2020,294.623275463,43.62223,-116.20602,2020-10-20T14:57:31.000000Z
2020,294.623287037,43.62223,-116.20603,2020-10-20T14:57:32.000000Z
2020,294.623298611,43.62223,-116.20602,2020-10-20T14:57:33.000000Z
2020,294.623310185,43.62223,-116.20602,2020-10-20T14:57:34.000000Z
2020,294.623321759,43.62224,-116.20602,2020-10-20T14:57:35.000000Z
2020,294.623333333,43.62224,-116.20603,2020-10-20T14:57:36.000000Z
2020,294.623344907,43.62224,-116.20603,2020-10-20T14:57:37.000000Z
2020,294.623356481,43.62224,-116.20603,2020-10-20T14:57:38.000000Z
2020,294.623368056,43.62224,-116.20604,2020-10-20T14:57:39.000000Z
2020,294.62337963,43.62225,-116.20604,2020-10-20T14:57:40.000000Z
2020,294.623391204,43.62225,-116.20603,2020-10-20T14:57:41.000000Z
2020,294.623402778,43.62225,-116.20603,2020-10-20T14:57:42.000000Z
2020,294.623414352,43.62226,-116.20603,2020-10-20T14:57:43.000000Z
2020,294.623425926,43.62226,-116.20603,2020-10-20T14:57:44.000000Z
2020,294.6234375,43.62228,-116.20603,2020-10-20T14:57:45.000000Z
2020,294.623449074,43.62229,-116.20604,2020-10-20T14:57:46.000000Z
2020,294.623460648,43.62229,-116.20604,2020-10-20T14:57:47.000000Z
2020,294.633587963,43.62239,-116.20609,2020-10-20T15:12:22.000000Z
2020,294.633599537,43.62239,-116.2061,2020-10-20T15:12:23.000000Z
2020,294.633611111,43.62239,-116.2061,2020-10-20T15:12:24.000000Z
2020,294.633622685,43.62239,-116.2061,2020-10-20T15:12:25.000000Z
2020,294.633634259,43.62239,-116.20609,2020-10-20T15:12:26.000000Z
2020,294.633645833,43.62239,-116.20609,2020-10-20T15:12:27.000000Z
2020,294.633657407,43.6224,-116.20608,2020-10-20T15:12:28.000000Z
2020,294.633668981,43.6224,-116.20608,2020-10-20T15:12:29.000000Z
2020,294.633680556,43.62241,-116.20608,2020-10-20T15:12:30.000000Z
2020,294.63369213,43.62241,-116.20608,2020-10-20T15:12:31.000000Z
2020,294.633703704,43.6224,-116.20608,2020-10-20T15:12:32.000000Z
2020,294.633715278,43.6224,-116.20608,2020-10-20T15:12:33.000000Z
2020,294.633726852,43.6224,-116.20608,2020-10-20T15:12:34.000000Z
2020,294.633738426,43.6224,-116.20608,2020-10-20T15:12:35.000000Z
2020,294.63375,43.6224,-116.20608,2020-10-20T15:12:36.000000Z
2020,294.633761574,43.6224,-116.20608,2020-10-20T15:12:37.000000Z
2020,294.633773148,43.6224,-116.20608,2020-10-20T15:12:38.000000Z
2020,294.633784722,43.6224,-116.20608,2020-10-20T15:12:39.000000Z
2020,294.633796296,43.62239,-116.20608,2020-10-20T15:12:40.000000Z
2020,294.63380787,43.62239,-116.20608,2020-10-20T15:12:41.000000Z
2020,294.64400463,43.62258,-116.20606,2020-10-20T15:27:22.000000Z
2020,294.644016204,43.62254,-116.20606,2020-10-20T15:27:23.000000Z
2020,294.644027778,43.62252,-116.20605,2020-10-20T15:27:24.000000Z
2020,294.644039352,43.6225,-116.20605,2020-10-20T15:27:25.000000Z
2020,294.644050926,43.62247,-116.20604,2020-10-20T15:27:26.000000Z
2020,294.6440625,43.62244,-116.20603,2020-10-20T15:27:27.000000Z
2020,294.644074074,43.62252,-116.20605,2020-10-20T15:27:28.000000Z
2020,294.644085648,43.62251,-116.20605,2020-10-20T15:27:29.000000Z
2020,294.644097222,43.6225,-116.20605,2020-10-20T15:27:30.000000Z
2020,294.644108796,43.62246,-116.20601,2020-10-20T15:27:31.000000Z
2020,294.644131944,43.62241,-116.206,2020-10-20T15:27:33.000000Z
2020,294.644143519,43.6224,-116.20599,2020-10-20T15:27:34.000000Z
2020,294.644155093,43.62239,-116.20598,2020-10-20T15:27:35.000000Z
2020,294.644166667,43.62239,-116.20599,2020-10-20T15:27:36.000000Z
2020,294.644178241,43.62239,-116.20598,2020-10-20T15:27:37.000000Z
2020,294.644189815,43.62238,-116.20598,2020-10-20T15:27:38.000000Z
2020,294.644201389,43.62238,-116.20598,2020-10-20T15:27:39.000000Z
2020,294.644212963,43.62238,-116.20598,2020-10-20T15:27:40.000000Z
2020,294.644224537,43.62237,-116.20598,2020-10-20T15:27:41.000000Z
2020,294.644236111,43.62238,-116.20598,2020-10-20T15:27:42.000000Z
2020,294.654421296,43.62229,-116.20606,2020-10-20T15:42:22.000000Z
2020,294.65443287,43.62228,-116.20606,2020-10-20T15:42:23.000000Z
2020,294.654444444,43.62229,-116.20607,2020-10-20T15:42:24.000000Z
2020,294.654456019,43.6223,-116.20606,2020-10-20T15:42:25.000000Z
2020,294.654467593,43.62232,-116.20606,2020-10-20T15:42:26.000000Z
2020,294.654479167,43.62234,-116.20606,2020-10-20T15:42:27.000000Z
2020,294.654490741,43.62237,-116.20605,2020-10-20T15:42:28.000000Z
2020,294.654502315,43.62238,-116.20605,2020-10-20T15:42:29.000000Z
2020,294.654513889,43.62238,-116.20605,2020-10-20T15:42:30.000000Z
2020,294.654525463,43.62237,-116.20606,2020-10-20T15:42:31.000000Z
2020,294.654537037,43.62237,-116.20606,2020-10-20T15:42:32.000000Z
2020,294.654548611,43.62237,-116.20606,2020-10-20T15:42:33.000000Z
2020,294.654560185,43.62237,-116.20606,2020-10-20T15:42:34.000000Z
2020,294.654571759,43.62236,-116.20606,2020-10-20T15:42:35.000000Z
2020,294.654583333,43.62236,-116.20606,2020-10-20T15:42:36.000000Z
2020,294.654594907,43.62236,-116.20606,2020-10-20T15:42:37.000000Z
2020,294.654606481,43.62236,-116.20606,2020-10-20T15:42:38.000000Z
2020,294.654618056,43.62236,-116.20606,2020-10-20T15:42:39.000000Z
2020,294.65462963,43.62236,-116.20606,2020-10-20T15:42:40.000000Z
2020,294.654641204,43.62236,-116.20606,2020-10-20T15:42:41.000000Z
2020,294.664837963,43.62237,-116.20602,2020-10-20T15:57:22.000000Z
2020,294.664849537,43.62237,-116.20602,2020-10-20T15:57:23.000000Z
2020,294.664861111,43.62237,-116.20601,2020-10-20T15:57:24.000000Z
2020,294.664872685,43.62237,-116.206,2020-10-20T15:57:25.000000Z
2020,294.664884259,43.62237,-116.206,2020-10-20T15:57:26.000000Z
2020,294.664895833,43.62237,-116.206,2020-10-20T15:57:27.000000Z
2020,294.664907407,43.62237,-116.206,2020-10-20T15:57:28.000000Z
2020,294.664918981,43.62237,-116.206,2020-10-20T15:57:29.000000Z
2020,294.664930556,43.62237,-116.20599,2020-10-20T15:57:30.000000Z
2020,294.66494213,43.62237,-116.20599,2020-10-20T15:57:31.000000Z
2020,294.664953704,43.62237,-116.20598,2020-10-20T15:57:32.000000Z
2020,294.664965278,43.62237,-116.20598,2020-10-20T15:57:33.000000Z
2020,294.664976852,43.62237,-116.20597,2020-10-20T15:57:34.000000Z
2020,294.664988426,43.62237,-116.20597,2020-10-20T15:57:35.000000Z
2020,294.665,43.62237,-116.20597,2020-10-20T15:57:36.000000Z
2020,294.665011574,43.62237,-116.20597,2020-10-20T15:57:37.000000Z
2020,294.665023148,43.62237,-116.20597,2020-10-20T15:57:38.000000Z
2020,294.665034722,43.62237,-116.20597,2020-10-20T15:57:39.000000Z
2020,294.665046296,43.62237,-116.20596,2020-10-20T15:57:40.000000Z
2020,294.66505787,43.62237,-116.20596,2020-10-20T15:57:41.000000Z
2020,294.675324074,43.62228,-116.20585,2020-10-20T16:12:28.000000Z
2020,294.675335648,43.62227,-116.20586,2020-10-20T16:12:29.000000Z
2020,294.675347222,43.62232,-116.20609,2020-10-20T16:12:30.000000Z
2020,294.67537037,43.62233,-116.20609,2020-10-20T16:12:32.000000Z
2020,294.675381944,43.62234,-116.2061,2020-10-20T16:12:33.000000Z
2020,294.675393519,43.62236,-116.20611,2020-10-20T16:12:34.000000Z
2020,294.675405093,43.62237,-116.20613,2020-10-20T16:12:35.000000Z
2020,294.675416667,43.62237,-116.20613,2020-10-20T16:12:36.000000Z
2020,294.675428241,43.62238,-116.20613,2020-10-20T16:12:37.000000Z
2020,294.675439815,43.62238,-116.20613,2020-10-20T16:12:38.000000Z
2020,294.675451389,43.62238,-116.20613,2020-10-20T16:12:39.000000Z
2020,294.675462963,43.62239,-116.20613,2020-10-20T16:12:40.000000Z
2020,294.675474537,43.62239,-116.20613,2020-10-20T16:12:41.000000Z
2020,294.675486111,43.62239,-116.20613,2020-10-20T16:12:42.000000Z
2020,294.675497685,43.62239,-116.20613,2020-10-20T16:12:43.000000Z
2020,294.675509259,43.62239,-116.20613,2020-10-20T16:12:44.000000Z
2020,294.675520833,43.62239,-116.20613,2020-10-20T16:12:45.000000Z
2020,294.675532407,43.62239,-116.20613,2020-10-20T16:12:46.000000Z
2020,294.675543981,43.62239,-116.20613,2020-10-20T16:12:47.000000Z
2020,294.685740741,43.62228,-116.20582,2020-10-20T16:27:28.000000Z
2020,294.685752315,43.62228,-116.20583,2020-10-20T16:27:29.000000Z
2020,294.685763889,43.62228,-116.20584,2020-10-20T16:27:30.000000Z
2020,294.685775463,43.62229,-116.20585,2020-10-20T16:27:31.000000Z
2020,294.685787037,43.62229,-116.20586,2020-10-20T16:27:32.000000Z
2020,294.685798611,43.62229,-116.20587,2020-10-20T16:27:33.000000Z
2020,294.685810185,43.62229,-116.20587,2020-10-20T16:27:34.000000Z
2020,294.685821759,43.62229,-116.20588,2020-10-20T16:27:35.000000Z
2020,294.685833333,43.62229,-116.20589,2020-10-20T16:27:36.000000Z
2020,294.685844907,43.62229,-116.20589,2020-10-20T16:27:37.000000Z
2020,294.685856481,43.62229,-116.20589,2020-10-20T16:27:38.000000Z
2020,294.685868056,43.62229,-116.20589,2020-10-20T16:27:39.000000Z
2020,294.68587963,43.62229,-116.20589,2020-10-20T16:27:40.000000Z
2020,294.685891204,43.62229,-116.20589,2020-10-20T16:27:41.000000Z
2020,294.685902778,43.62229,-116.20588,2020-10-20T16:27:42.000000Z
2020,294.685914352,43.62229,-116.20588,2020-10-20T16:27:43.000000Z
2020,294.685925926,43.62229,-116.20588,2020-10-20T16:27:44.000000Z
2020,294.6859375,43.6223,-116.20587,2020-10-20T16:27:45.000000Z
2020,294.685949074,43.6223,-116.20587,2020-10-20T16:27:46.000000Z
2020,294.685960648,43.6223,-116.20587,2020-10-20T16:27:47.000000Z
2020,294.696157407,43.62238,-116.20581,2020-10-20T16:42:28.000000Z
2020,294.696168981,43.62238,-116.20581,2020-10-20T16:42:29.000000Z
2020,294.696180556,43.62239,-116.20581,2020-10-20T16:42:30.000000Z
2020,294.69619213,43.62239,-116.20581,2020-10-20T16:42:31.000000Z
2020,294.696203704,43.62239,-116.2058,2020-10-20T16:42:32.000000Z
2020,294.696215278,43.62239,-116.2058,2020-10-20T16:42:33.000000Z
2020,294.696226852,43.62239,-116.2058,2020-10-20T16:42:34.000000Z
2020,294.696238426,43.62239,-116.20579,2020-10-20T16:42:35.000000Z
2020,294.69625,43.62238,-116.20579,2020-10-20T16:42:36.000000Z
2020,294.696261574,43.62238,-116.20578,2020-10-20T16:42:37.000000Z
2020,294.696273148,43.62238,-116.20578,2020-10-20T16:42:38.000000Z
2020,294.696284722,43.62238,-116.20578,2020-10-20T16:42:39.000000Z
2020,294.696296296,43.62237,-116.20577,2020-10-20T16:42:40.000000Z
2020,294.69630787,43.62237,-116.20576,2020-10-20T16:42:41.000000Z
2020,294.696319444,43.62237,-116.20575,2020-10-20T16:42:42.000000Z
2020,294.696331019,43.62237,-116.20575,2020-10-20T16:42:43.000000Z
2020,294.696342593,43.62236,-116.20574,2020-10-20T16:42:44.000000Z
2020,294.696354167,43.62236,-116.20574,2020-10-20T16:42:45.000000Z
2020,294.696365741,43.62236,-116.20574,2020-10-20T16:42:46.000000Z
2020,294.696377315,43.62235,-116.20573,2020-10-20T16:42:47.000000Z
2020,294.706574074,43.62225,-116.20598,2020-10-20T16:57:28.000000Z
2020,294.706585648,43.62225,-116.20596,2020-10-20T16:57:29.000000Z
2020,294.706597222,43.62225,-116.20595,2020-10-20T16:57:30.000000Z
2020,294.706608796,43.62228,-116.206,2020-10-20T16:57:31.000000Z
2020,294.70662037,43.62228,-116.20601,2020-10-20T16:57:32.000000Z
2020,294.706631944,43.62229,-116.20603,2020-10-20T16:57:33.000000Z
2020,294.706643519,43.62229,-116.20603,2020-10-20T16:57:34.000000Z
2020,294.706655093,43.62229,-116.20603,2020-10-20T16:57:35.000000Z
2020,294.706666667,43.62229,-116.20602,2020-10-20T16:57:36.000000Z
2020,294.706678241,43.62229,-116.20602,2020-10-20T16:57:37.000000Z
2020,294.706689815,43.62229,-116.20602,2020-10-20T16:57:38.000000Z
2020,294.706701389,43.62228,-116.20602,2020-10-20T16:57:39.000000Z
2020,294.706712963,43.62228,-116.20603,2020-10-20T16:57:40.000000Z
2020,294.706724537,43.62228,-116.20603,2020-10-20T16:57:41.000000Z
2020,294.706736111,43.62228,-116.20603,2020-10-20T16:57:42.000000Z
2020,294.706747685,43.62228,-116.20603,2020-10-20T16:57:43.000000Z
2020,294.706759259,43.62228,-116.20603,2020-10-20T16:57:44.000000Z
2020,294.706770833,43.62228,-116.20604,2020-10-20T16:57:45.000000Z
2020,294.706782407,43.62228,-116.20604,2020-10-20T16:57:46.000000Z
2020,294.706793981,43.62228,-116.20604,2020-10-20T16:57:47.000000Z
2020,294.716979167,43.62234,-116.20585,2020-10-20T17:12:27.000000Z
2020,294.716990741,43.62233,-116.20585,2020-10-20T17:12:28.000000Z
2020,294.717002315,43.62233,-116.20586,2020-10-20T17:12:29.000000Z
2020,294.717013889,43.62234,-116.20586,2020-10-20T17:12:30.000000Z
2020,294.717025463,43.62233,-116.20586,2020-10-20T17:12:31.000000Z
2020,294.717037037,43.62233,-116.20586,2020-10-20T17:12:32.000000Z
2020,294.717048611,43.62232,-116.20586,2020-10-20T17:12:33.000000Z
2020,294.717060185,43.62232,-116.20585,2020-10-20T17:12:34.000000Z
2020,294.717071759,43.62232,-116.20585,2020-10-20T17:12:35.000000Z
2020,294.717083333,43.62235,-116.20581,2020-10-20T17:12:36.000000Z
2020,294.717094907,43.62236,-116.20578,2020-10-20T17:12:37.000000Z
2020,294.717106481,43.62237,-116.20577,2020-10-20T17:12:38.000000Z
2020,294.717118056,43.62237,-116.20577,2020-10-20T17:12:39.000000Z
2020,294.71712963,43.62237,-116.20577,2020-10-20T17:12:40.000000Z
2020,294.717141204,43.62239,-116.20575,2020-10-20T17:12:41.000000Z
2020,294.717152778,43.62239,-116.20575,2020-10-20T17:12:42.000000Z
2020,294.717164352,43.62239,-116.20575,2020-10-20T17:12:43.000000Z
2020,294.717175926,43.6224,-116.20575,2020-10-20T17:12:44.000000Z
2020,294.7171875,43.6224,-116.20574,2020-10-20T17:12:45.000000Z
2020,294.717199074,43.6224,-116.20574,2020-10-20T17:12:46.000000Z
2020,294.727523148,43.62251,-116.20585,2020-10-20T17:27:38.000000Z
2020,294.727534722,43.6225,-116.20585,2020-10-20T17:27:39.000000Z
2020,294.727546296,43.6225,-116.20586,2020-10-20T17:27:40.000000Z
2020,294.72755787,43.6225,-116.20586,2020-10-20T17:27:41.000000Z
2020,294.727569444,43.6225,-116.20586,2020-10-20T17:27:42.000000Z
2020,294.727581019,43.62251,-116.20586,2020-10-20T17:27:43.000000Z
2020,294.727592593,43.62251,-116.20587,2020-10-20T17:27:44.000000Z
2020,294.727604167,43.62252,-116.20587,2020-10-20T17:27:45.000000Z
2020,294.727615741,43.62252,-116.20587,2020-10-20T17:27:46.000000Z
2020,294.727627315,43.62253,-116.20587,2020-10-20T17:27:47.000000Z
2020,294.727638889,43.62253,-116.20586,2020-10-20T17:27:48.000000Z
2020,294.727650463,43.62254,-116.20586,2020-10-20T17:27:49.000000Z
2020,294.727662037,43.62254,-116.20587,2020-10-20T17:27:50.000000Z
2020,294.727673611,43.62255,-116.20587,2020-10-20T17:27:51.000000Z
2020,294.727685185,43.62255,-116.20587,2020-10-20T17:27:52.000000Z
2020,294.727696759,43.62255,-116.20587,2020-10-20T17:27:53.000000Z
2020,294.727708333,43.62255,-116.20587,2020-10-20T17:27:54.000000Z
2020,294.727719907,43.62255,-116.20587,2020-10-20T17:27:55.000000Z
2020,294.727731481,43.62254,-116.20587,2020-10-20T17:27:56.000000Z
2020,294.727743056,43.62254,-116.20587,2020-10-20T17:27:57.000000Z
2020,294.737847222,43.62325,-116.20565,2020-10-20T17:42:30.000000Z
2020,294.737858796,43.6233,-116.20565,2020-10-20T17:42:31.000000Z
2020,294.73787037,43.62333,-116.20565,2020-10-20T17:42:32.000000Z
2020,294.737881944,43.62335,-116.20565,2020-10-20T17:42:33.000000Z
2020,294.737893519,43.62335,-116.20565,2020-10-20T17:42:34.000000Z
2020,294.737905093,43.62334,-116.20565,2020-10-20T17:42:35.000000Z
2020,294.737916667,43.62333,-116.20565,2020-10-20T17:42:36.000000Z
2020,294.737928241,43.62327,-116.20565,2020-10-20T17:42:37.000000Z
2020,294.737939815,43.62327,-116.20565,2020-10-20T17:42:38.000000Z
2020,294.737951389,43.62327,-116.20566,2020-10-20T17:42:39.000000Z
2020,294.737962963,43.62327,-116.20566,2020-10-20T17:42:40.000000Z
2020,294.737974537,43.62327,-116.20567,2020-10-20T17:42:41.000000Z
2020,294.737986111,43.62327,-116.20567,2020-10-20T17:42:42.000000Z
2020,294.737997685,43.62326,-116.20567,2020-10-20T17:42:43.000000Z
2020,294.738009259,43.62324,-116.20567,2020-10-20T17:42:44.000000Z
2020,294.738020833,43.62319,-116.20568,2020-10-20T17:42:45.000000Z
2020,294.738032407,43.62316,-116.20568,2020-10-20T17:42:46.000000Z
2020,294.738043981,43.62314,-116.20568,2020-10-20T17:42:47.000000Z
2020,294.738055556,43.62311,-116.20568,2020-10-20T17:42:48.000000Z
2020,294.73806713,43.623,-116.20591,2020-10-20T17:42:49.000000Z
2020,294.748240741,43.62265,-116.20597,2020-10-20T17:57:28.000000Z
2020,294.748252315,43.62268,-116.20597,2020-10-20T17:57:29.000000Z
2020,294.748263889,43.6227,-116.20598,2020-10-20T17:57:30.000000Z
2020,294.748275463,43.62273,-116.20599,2020-10-20T17:57:31.000000Z
2020,294.748310185,43.62242,-116.20601,2020-10-20T17:57:34.000000Z
2020,294.748321759,43.62242,-116.20602,2020-10-20T17:57:35.000000Z
2020,294.748333333,43.62242,-116.20602,2020-10-20T17:57:36.000000Z
2020,294.748344907,43.62242,-116.20602,2020-10-20T17:57:37.000000Z
2020,294.748356481,43.62241,-116.20601,2020-10-20T17:57:38.000000Z
2020,294.748368056,43.62241,-116.20601,2020-10-20T17:57:39.000000Z
2020,294.74837963,43.62241,-116.206,2020-10-20T17:57:40.000000Z
2020,294.748391204,43.62241,-116.206,2020-10-20T17:57:41.000000Z
2020,294.748402778,43.6224,-116.206,2020-10-20T17:57:42.000000Z
2020,294.748414352,43.6224,-116.206,2020-10-20T17:57:43.000000Z
2020,294.748425926,43.6224,-116.206,2020-10-20T17:57:44.000000Z
2020,294.7484375,43.6224,-116.206,2020-10-20T17:57:45.000000Z
2020,294.748449074,43.6224,-116.206,2020-10-20T17:57:46.000000Z
2020,294.748460648,43.6224,-116.20599,2020-10-20T17:57:47.000000Z
2020,294.748472222,43.62239,-116.20599,2020-10-20T17:57:48.000000Z
2020,294.748483796,43.62239,-116.20599,2020-10-20T17:57:49.000000Z
2020,294.758645833,43.62228,-116.20596,2020-10-20T18:12:27.000000Z
2020,294.758657407,43.62229,-116.20598,2020-10-20T18:12:28.000000Z
2020,294.758668981,43.6223,-116.206,2020-10-20T18:12:29.000000Z
2020,294.758680556,43.6223,-116.206,2020-10-20T18:12:30.000000Z
2020,294.75869213,43.62229,-116.20599,2020-10-20T18:12:31.000000Z
2020,294.758703704,43.62229,-116.20598,2020-10-20T18:12:32.000000Z
2020,294.758715278,43.62228,-116.20598,2020-10-20T18:12:33.000000Z
2020,294.758726852,43.62228,-116.20598,2020-10-20T18:12:34.000000Z
2020,294.758738426,43.62227,-116.20598,2020-10-20T18:12:35.000000Z
2020,294.75875,43.62227,-116.20599,2020-10-20T18:12:36.000000Z
2020,294.758761574,43.62226,-116.20599,2020-10-20T18:12:37.000000Z
2020,294.758773148,43.62226,-116.20599,2020-10-20T18:12:38.000000Z
2020,294.758784722,43.62225,-116.20599,2020-10-20T18:12:39.000000Z
2020,294.758796296,43.62225,-116.20599,2020-10-20T18:12:40.000000Z
2020,294.75880787,43.62224,-116.20599,2020-10-20T18:12:41.000000Z
2020,294.758819444,43.62224,-116.20599,2020-10-20T18:12:42.000000Z
2020,294.758831019,43.62224,-116.20599,2020-10-20T18:12:43.000000Z
2020,294.758842593,43.62224,-116.20599,2020-10-20T18:12:44.000000Z
2020,294.758854167,43.62223,-116.20599,2020-10-20T18:12:45.000000Z
2020,294.758865741,43.62223,-116.20599,2020-10-20T18:12:46.000000Z
2020,294.7690625,43.62237,-116.20595,2020-10-20T18:27:27.000000Z
2020,294.769074074,43.62237,-116.20598,2020-10-20T18:27:28.000000Z
2020,294.769085648,43.62237,-116.20599,2020-10-20T18:27:29.000000Z
2020,294.769097222,43.62237,-116.20599,2020-10-20T18:27:30.000000Z
2020,294.769108796,43.62236,-116.206,2020-10-20T18:27:31.000000Z
2020,294.76912037,43.62236,-116.206,2020-10-20T18:27:32.000000Z
2020,294.769131944,43.62236,-116.20602,2020-10-20T18:27:33.000000Z
2020,294.769143519,43.62236,-116.20603,2020-10-20T18:27:34.000000Z
2020,294.769155093,43.62236,-116.20603,2020-10-20T18:27:35.000000Z
2020,294.769166667,43.62236,-116.20603,2020-10-20T18:27:36.000000Z
2020,294.769178241,43.62236,-116.20604,2020-10-20T18:27:37.000000Z
2020,294.769189815,43.62236,-116.20604,2020-10-20T18:27:38.000000Z
2020,294.769201389,43.62236,-116.20604,2020-10-20T18:27:39.000000Z
2020,294.769212963,43.62236,-116.20604,2020-10-20T18:27:40.000000Z
2020,294.769224537,43.62236,-116.20604,2020-10-20T18:27:41.000000Z
2020,294.769236111,43.62235,-116.20603,2020-10-20T18:27:42.000000Z
2020,294.769247685,43.62235,-116.20603,2020-10-20T18:27:43.000000Z
2020,294.769259259,43.62235,-116.20603,2020-10-20T18:27:44.000000Z
2020,294.769270833,43.62235,-116.20603,2020-10-20T18:27:45.000000Z
2020,294.769282407,43.62234,-116.20603,2020-10-20T18:27:46.000000Z
2020,294.779479167,43.62229,-116.20604,2020-10-20T18:42:27.000000Z
2020,294.779490741,43.62229,-116.20605,2020-10-20T18:42:28.000000Z
2020,294.779502315,43.62228,-116.20603,2020-10-20T18:42:29.000000Z
2020,294.779513889,43.62228,-116.20604,2020-10-20T18:42:30.000000Z
2020,294.779525463,43.62227,-116.20604,2020-10-20T18:42:31.000000Z
2020,294.779537037,43.62227,-116.20605,2020-10-20T18:42:32.000000Z
2020,294.779548611,43.62227,-116.20606,2020-10-20T18:42:33.000000Z
2020,294.779560185,43.62226,-116.20606,2020-10-20T18:42:34.000000Z
2020,294.779571759,43.62226,-116.20605,2020-10-20T18:42:35.000000Z
2020,294.779583333,43.62226,-116.20605,2020-10-20T18:42:36.000000Z
2020,294.779594907,43.62226,-116.20604,2020-10-20T18:42:37.000000Z
2020,294.779606481,43.62226,-116.20603,2020-10-20T18:42:38.000000Z
2020,294.779618056,43.62226,-116.20603,2020-10-20T18:42:39.000000Z
2020,294.77962963,43.62225,-116.20603,2020-10-20T18:42:40.000000Z
2020,294.779641204,43.62225,-116.20602,2020-10-20T18:42:41.000000Z
2020,294.779652778,43.62225,-116.20602,2020-10-20T18:42:42.000000Z
2020,294.779664352,43.62224,-116.20601,2020-10-20T18:42:43.000000Z
2020,294.779675926,43.62224,-116.206,2020-10-20T18:42:44.000000Z
2020,294.7796875,43.62224,-116.206,2020-10-20T18:42:45.000000Z
2020,294.779699074,43.62224,-116.206,2020-10-20T18:42:46.000000Z
2020,294.789907407,43.62213,-116.20561,2020-10-20T18:57:28.000000Z
2020,294.789918981,43.62212,-116.20562,2020-10-20T18:57:29.000000Z
2020,294.789930556,43.62214,-116.20565,2020-10-20T18:57:30.000000Z
2020,294.78994213,43.62215,-116.20567,2020-10-20T18:57:31.000000Z
2020,294.789953704,43.62216,-116.20569,2020-10-20T18:57:32.000000Z
2020,294.789965278,43.62217,-116.20571,2020-10-20T18:57:33.000000Z
2020,294.789976852,43.62218,-116.20572,2020-10-20T18:57:34.000000Z
2020,294.789988426,43.62218,-116.20573,2020-10-20T18:57:35.000000Z
2020,294.79,43.62219,-116.20573,2020-10-20T18:57:36.000000Z
2020,294.790011574,43.62218,-116.20574,2020-10-20T18:57:37.000000Z
2020,294.790023148,43.62219,-116.20574,2020-10-20T18:57:38.000000Z
2020,294.790034722,43.62219,-116.20574,2020-10-20T18:57:39.000000Z
2020,294.790046296,43.6222,-116.20575,2020-10-20T18:57:40.000000Z
2020,294.79005787,43.6222,-116.20576,2020-10-20T18:57:41.000000Z
2020,294.790069444,43.62221,-116.20577,2020-10-20T18:57:42.000000Z
2020,294.790081019,43.62222,-116.20578,2020-10-20T18:57:43.000000Z
2020,294.790092593,43.62222,-116.2058,2020-10-20T18:57:44.000000Z
2020,294.790104167,43.62223,-116.20581,2020-10-20T18:57:45.000000Z
2020,294.790115741,43.62224,-116.20582,2020-10-20T18:57:46.000000Z
2020,294.790127315,43.62224,-116.20584,2020-10-20T18:57:47.000000Z
2020,294.80025463,43.62224,-116.20595,2020-10-20T19:12:22.000000Z
2020,294.800266204,43.62215,-116.20581,2020-10-20T19:12:23.000000Z
2020,294.800289352,43.62214,-116.20581,2020-10-20T19:12:25.000000Z
2020,294.800300926,43.62217,-116.20584,2020-10-20T19:12:26.000000Z
2020,294.8003125,43.62219,-116.20587,2020-10-20T19:12:27.000000Z
2020,294.800324074,43.62221,-116.20588,2020-10-20T19:12:28.000000Z
2020,294.800335648,43.62222,-116.20589,2020-10-20T19:12:29.000000Z
2020,294.800347222,43.62223,-116.20589,2020-10-20T19:12:30.000000Z
2020,294.800358796,43.62226,-116.20595,2020-10-20T19:12:31.000000Z
2020,294.80037037,43.62227,-116.20595,2020-10-20T19:12:32.000000Z
2020,294.800381944,43.62227,-116.20595,2020-10-20T19:12:33.000000Z
2020,294.800393519,43.62228,-116.20594,2020-10-20T19:12:34.000000Z
2020,294.800405093,43.62228,-116.20594,2020-10-20T19:12:35.000000Z
2020,294.800416667,43.62229,-116.20592,2020-10-20T19:12:36.000000Z
2020,294.800428241,43.62229,-116.20591,2020-10-20T19:12:37.000000Z
2020,294.800439815,43.62229,-116.2059,2020-10-20T19:12:38.000000Z
2020,294.800451389,43.62229,-116.20591,2020-10-20T19:12:39.000000Z
2020,294.800462963,43.62229,-116.2059,2020-10-20T19:12:40.000000Z
2020,294.800474537,43.62229,-116.2059,2020-10-20T19:12:41.000000Z
2020,294.800486111,43.62229,-116.2059,2020-10-20T19:12:42.000000Z
2020,294.810752315,43.6222,-116.20618,2020-10-20T19:27:29.000000Z
2020,294.810763889,43.62219,-116.20618,2020-10-20T19:27:30.000000Z
2020,294.810775463,43.62219,-116.20618,2020-10-20T19:27:31.000000Z
2020,294.810787037,43.6222,-116.20618,2020-10-20T19:27:32.000000Z
2020,294.810798611,43.62219,-116.20619,2020-10-20T19:27:33.000000Z
2020,294.810810185,43.62219,-116.20619,2020-10-20T19:27:34.000000Z
2020,294.810821759,43.62218,-116.20619,2020-10-20T19:27:35.000000Z
2020,294.810833333,43.62218,-116.20618,2020-10-20T19:27:36.000000Z
2020,294.810844907,43.62217,-116.20618,2020-10-20T19:27:37.000000Z
2020,294.810856481,43.62217,-116.20618,2020-10-20T19:27:38.000000Z
2020,294.810868056,43.62216,-116.20618,2020-10-20T19:27:39.000000Z
2020,294.81087963,43.62216,-116.20618,2020-10-20T19:27:40.000000Z
2020,294.810891204,43.62215,-116.20618,2020-10-20T19:27:41.000000Z
2020,294.810902778,43.62215,-116.20617,2020-10-20T19:27:42.000000Z
2020,294.810914352,43.62215,-116.20617,2020-10-20T19:27:43.000000Z
2020,294.810925926,43.62215,-116.20617,2020-10-20T19:27:44.000000Z
2020,294.8109375,43.62215,-116.20617,2020-10-20T19:27:45.000000Z
2020,294.810949074,43.62215,-116.20616,2020-10-20T19:27:46.000000Z
2020,294.810960648,43.62215,-116.20616,2020-10-20T19:27:47.000000Z
2020,294.810972222,43.62215,-116.20616,2020-10-20T19:27:48.000000Z
2020,294.821168981,43.62215,-116.20584,2020-10-20T19:42:29.000000Z
2020,294.821180556,43.62216,-116.20584,2020-10-20T19:42:30.000000Z
2020,294.82119213,43.62216,-116.20584,2020-10-20T19:42:31.000000Z
2020,294.821203704,43.62214,-116.20588,2020-10-20T19:42:32.000000Z
2020,294.821215278,43.62213,-116.20589,2020-10-20T19:42:33.000000Z
2020,294.821226852,43.62213,-116.20589,2020-10-20T19:42:34.000000Z
2020,294.821238426,43.62213,-116.20589,2020-10-20T19:42:35.000000Z
2020,294.82125,43.62213,-116.20589,2020-10-20T19:42:36.000000Z
2020,294.821261574,43.62213,-116.20589,2020-10-20T19:42:37.000000Z
2020,294.821273148,43.62211,-116.20587,2020-10-20T19:42:38.000000Z
2020,294.821284722,43.62211,-116.20587,2020-10-20T19:42:39.000000Z
2020,294.821296296,43.6221,-116.20586,2020-10-20T19:42:40.000000Z
2020,294.82130787,43.6221,-116.20585,2020-10-20T19:42:41.000000Z
2020,294.821319444,43.62209,-116.20584,2020-10-20T19:42:42.000000Z
2020,294.821331019,43.62208,-116.20584,2020-10-20T19:42:43.000000Z
2020,294.821342593,43.62207,-116.20583,2020-10-20T19:42:44.000000Z
2020,294.821354167,43.62207,-116.20582,2020-10-20T19:42:45.000000Z
2020,294.821365741,43.62206,-116.20582,2020-10-20T19:42:46.000000Z
2020,294.821377315,43.62205,-116.20581,2020-10-20T19:42:47.000000Z
2020,294.831585648,43.62201,-116.20585,2020-10-20T19:57:29.000000Z
2020,294.831597222,43.62201,-116.20585,2020-10-20T19:57:30.000000Z
2020,294.831608796,43.62201,-116.20585,2020-10-20T19:57:31.000000Z
2020,294.83162037,43.62202,-116.20585,2020-10-20T19:57:32.000000Z
2020,294.831631944,43.62201,-116.20585,2020-10-20T19:57:33.000000Z
2020,294.831643519,43.62202,-116.20586,2020-10-20T19:57:34.000000Z
2020,294.831655093,43.62203,-116.20586,2020-10-20T19:57:35.000000Z
2020,294.831666667,43.62203,-116.20586,2020-10-20T19:57:36.000000Z
2020,294.831678241,43.62203,-116.20587,2020-10-20T19:57:37.000000Z
2020,294.831689815,43.62204,-116.20587,2020-10-20T19:57:38.000000Z
2020,294.831701389,43.62204,-116.20587,2020-10-20T19:57:39.000000Z
2020,294.831712963,43.62204,-116.20587,2020-10-20T19:57:40.000000Z
2020,294.831724537,43.62205,-116.20587,2020-10-20T19:57:41.000000Z
2020,294.831736111,43.62205,-116.20587,2020-10-20T19:57:42.000000Z
2020,294.831747685,43.62205,-116.20587,2020-10-20T19:57:43.000000Z
2020,294.831759259,43.62205,-116.20587,2020-10-20T19:57:44.000000Z
2020,294.831770833,43.62205,-116.20587,2020-10-20T19:57:45.000000Z
2020,294.831782407,43.62205,-116.20587,2020-10-20T19:57:46.000000Z
2020,294.831793981,43.62205,-116.20586,2020-10-20T19:57:47.000000Z
