year,date,lat,lon,t
2016,188.138402778,43.62582,-116.23497,2016-07-06T03:19:18.000000Z
2016,188.138414352,43.62581,-116.23497,2016-07-06T03:19:19.000000Z
2016,188.138425926,43.62582,-116.23498,2016-07-06T03:19:20.000000Z
2016,188.1384375,43.62582,-116.23498,2016-07-06T03:19:21.000000Z
2016,188.138449074,43.62582,-116.23498,2016-07-06T03:19:22.000000Z
2016,188.138460648,43.62582,-116.23498,2016-07-06T03:19:23.000000Z
2016,188.138472222,43.62582,-116.23498,2016-07-06T03:19:24.000000Z
2016,188.138483796,43.62582,-116.23498,2016-07-06T03:19:25.000000Z
2016,188.13849537,43.62582,-116.23498,2016-07-06T03:19:26.000000Z
2016,188.138506944,43.62582,-116.23497,2016-07-06T03:19:27.000000Z
2016,188.138518519,43.62582,-116.23497,2016-07-06T03:19:28.000000Z
2016,188.138530093,43.62582,-116.23497,2016-07-06T03:19:29.000000Z
2016,188.138541667,43.62582,-116.23497,2016-07-06T03:19:30.000000Z
2016,188.138553241,43.62582,-116.23498,2016-07-06T03:19:31.000000Z
2016,188.138564815,43.62582,-116.23498,2016-07-06T03:19:32.000000Z
2016,188.138576389,43.62582,-116.23498,2016-07-06T03:19:33.000000Z
2016,188.138587963,43.62583,-116.23498,2016-07-06T03:19:34.000000Z
2016,188.138599537,43.62582,-116.23497,2016-07-06T03:19:35.000000Z
2016,188.138611111,43.62582,-116.23498,2016-07-06T03:19:36.000000Z
2016,188.138622685,43.62582,-116.23498,2016-07-06T03:19:37.000000Z
2016,188.149085648,43.62583,-116.23508,2016-07-06T03:34:41.000000Z
2016,188.149097222,43.62585,-116.23509,2016-07-06T03:34:42.000000Z
2016,188.149108796,43.62585,-116.23509,2016-07-06T03:34:43.000000Z
2016,188.14912037,43.62585,-116.23509,2016-07-06T03:34:44.000000Z
2016,188.149131944,43.62585,-116.23509,2016-07-06T03:34:45.000000Z
2016,188.149143519,43.62586,-116.23509,2016-07-06T03:34:46.000000Z
2016,188.149155093,43.62586,-116.23509,2016-07-06T03:34:47.000000Z
2016,188.149166667,43.62586,-116.2351,2016-07-06T03:34:48.000000Z
2016,188.149178241,43.62587,-116.23511,2016-07-06T03:34:49.000000Z
2016,188.149189815,43.62587,-116.23511,2016-07-06T03:34:50.000000Z
2016,188.149201389,43.62588,-116.23512,2016-07-06T03:34:51.000000Z
2016,188.149212963,43.62588,-116.23512,2016-07-06T03:34:52.000000Z
2016,188.149224537,43.62588,-116.23512,2016-07-06T03:34:53.000000Z
2016,188.149236111,43.62588,-116.23512,2016-07-06T03:34:54.000000Z
2016,188.149247685,43.62588,-116.23512,2016-07-06T03:34:55.000000Z
2016,188.149259259,43.62588,-116.23512,2016-07-06T03:34:56.000000Z
2016,188.149270833,43.62588,-116.23512,2016-07-06T03:34:57.000000Z
2016,188.149282407,43.62588,-116.23512,2016-07-06T03:34:58.000000Z
2016,188.149293981,43.62588,-116.23512,2016-07-06T03:34:59.000000Z
2016,188.159502315,43.62597,-116.23519,2016-07-06T03:49:41.000000Z
2016,188.159513889,43.62598,-116.23519,2016-07-06T03:49:42.000000Z
2016,188.159525463,43.62599,-116.23519,2016-07-06T03:49:43.000000Z
2016,188.159537037,43.62599,-116.23519,2016-07-06T03:49:44.000000Z
2016,188.159548611,43.626,-116.23521,2016-07-06T03:49:45.000000Z
2016,188.159560185,43.62601,-116.23521,2016-07-06T03:49:46.000000Z
2016,188.159571759,43.626,-116.23521,2016-07-06T03:49:47.000000Z
2016,188.159583333,43.62601,-116.23521,2016-07-06T03:49:48.000000Z
2016,188.159594907,43.62601,-116.23522,2016-07-06T03:49:49.000000Z
2016,188.159606481,43.62601,-116.23522,2016-07-06T03:49:50.000000Z
2016,188.159618056,43.62601,-116.23522,2016-07-06T03:49:51.000000Z
2016,188.15962963,43.62602,-116.23522,2016-07-06T03:49:52.000000Z
2016,188.159641204,43.62602,-116.23522,2016-07-06T03:49:53.000000Z
2016,188.159652778,43.62602,-116.23522,2016-07-06T03:49:54.000000Z
2016,188.159664352,43.62602,-116.23522,2016-07-06T03:49:55.000000Z
2016,188.159675926,43.62602,-116.23522,2016-07-06T03:49:56.000000Z
2016,188.1596875,43.62602,-116.23522,2016-07-06T03:49:57.000000Z
2016,188.159699074,43.62602,-116.23522,2016-07-06T03:49:58.000000Z
2016,188.159710648,43.62602,-116.23522,2016-07-06T03:49:59.000000Z
2016,188.169907407,43.62614,-116.23522,2016-07-06T04:04:40.000000Z
2016,188.169918981,43.62615,-116.23523,2016-07-06T04:04:41.000000Z
2016,188.169930556,43.62616,-116.23524,2016-07-06T04:04:42.000000Z
2016,188.16994213,43.62615,-116.23525,2016-07-06T04:04:43.000000Z
2016,188.169953704,43.62616,-116.23525,2016-07-06T04:04:44.000000Z
2016,188.169965278,43.62617,-116.23526,2016-07-06T04:04:45.000000Z
2016,188.169976852,43.62618,-116.23526,2016-07-06T04:04:46.000000Z
2016,188.169988426,43.62619,-116.23527,2016-07-06T04:04:47.000000Z
2016,188.17,43.62619,-116.23528,2016-07-06T04:04:48.000000Z
2016,188.170011574,43.6262,-116.23529,2016-07-06T04:04:49.000000Z
2016,188.170023148,43.62621,-116.23529,2016-07-06T04:04:50.000000Z
2016,188.170034722,43.62621,-116.23529,2016-07-06T04:04:51.000000Z
2016,188.170046296,43.62621,-116.23529,2016-07-06T04:04:52.000000Z
2016,188.17005787,43.62621,-116.23529,2016-07-06T04:04:53.000000Z
2016,188.170069444,43.62621,-116.23529,2016-07-06T04:04:54.000000Z
2016,188.170081019,43.62621,-116.23529,2016-07-06T04:04:55.000000Z
2016,188.170092593,43.62621,-116.23529,2016-07-06T04:04:56.000000Z
2016,188.170104167,43.62622,-116.23529,2016-07-06T04:04:57.000000Z
2016,188.170115741,43.62622,-116.23529,2016-07-06T04:04:58.000000Z
2016,188.170127315,43.62621,-116.23529,2016-07-06T04:04:59.000000Z
2016,188.180196759,43.62588,-116.23509,2016-07-06T04:19:29.000000Z
2016,188.180208333,43.62589,-116.2351,2016-07-06T04:19:30.000000Z
2016,188.180219907,43.62591,-116.23511,2016-07-06T04:19:31.000000Z
2016,188.180231481,43.62592,-116.23511,2016-07-06T04:19:32.000000Z
2016,188.180243056,43.62595,-116.23513,2016-07-06T04:19:33.000000Z
2016,188.18025463,43.62598,-116.23514,2016-07-06T04:19:34.000000Z
2016,188.180266204,43.626,-116.23516,2016-07-06T04:19:35.000000Z
2016,188.180277778,43.62602,-116.23516,2016-07-06T04:19:36.000000Z
2016,188.180289352,43.62605,-116.23518,2016-07-06T04:19:37.000000Z
2016,188.180300926,43.62606,-116.23519,2016-07-06T04:19:38.000000Z
2016,188.1803125,43.62606,-116.23519,2016-07-06T04:19:39.000000Z
2016,188.180324074,43.62606,-116.23519,2016-07-06T04:19:40.000000Z
2016,188.180335648,43.62605,-116.23518,2016-07-06T04:19:41.000000Z
2016,188.180347222,43.62605,-116.23518,2016-07-06T04:19:42.000000Z
2016,188.180381944,43.62601,-116.23516,2016-07-06T04:19:45.000000Z
2016,188.180393519,43.62601,-116.23515,2016-07-06T04:19:46.000000Z
2016,188.180405093,43.62599,-116.23514,2016-07-06T04:19:47.000000Z
2016,188.180416667,43.62599,-116.23514,2016-07-06T04:19:48.000000Z
2016,188.180428241,43.62598,-116.23514,2016-07-06T04:19:49.000000Z
2016,188.190740741,43.6258,-116.23506,2016-07-06T04:34:40.000000Z
2016,188.190752315,43.6258,-116.23505,2016-07-06T04:34:41.000000Z
2016,188.190763889,43.6258,-116.23504,2016-07-06T04:34:42.000000Z
2016,188.190775463,43.6258,-116.23504,2016-07-06T04:34:43.000000Z
2016,188.190787037,43.62581,-116.23504,2016-07-06T04:34:44.000000Z
2016,188.190798611,43.62581,-116.23504,2016-07-06T04:34:45.000000Z
2016,188.190810185,43.62581,-116.23505,2016-07-06T04:34:46.000000Z
2016,188.190821759,43.62581,-116.23505,2016-07-06T04:34:47.000000Z
2016,188.190833333,43.62582,-116.23505,2016-07-06T04:34:48.000000Z
2016,188.190844907,43.62582,-116.23505,2016-07-06T04:34:49.000000Z
2016,188.190856481,43.62583,-116.23505,2016-07-06T04:34:50.000000Z
2016,188.190868056,43.62582,-116.23505,2016-07-06T04:34:51.000000Z
2016,188.19087963,43.62583,-116.23506,2016-07-06T04:34:52.000000Z
2016,188.190891204,43.62583,-116.23506,2016-07-06T04:34:53.000000Z
2016,188.190902778,43.62585,-116.23506,2016-07-06T04:34:54.000000Z
2016,188.190914352,43.62586,-116.23506,2016-07-06T04:34:55.000000Z
2016,188.190925926,43.62587,-116.23506,2016-07-06T04:34:56.000000Z
2016,188.1909375,43.62587,-116.23506,2016-07-06T04:34:57.000000Z
2016,188.190949074,43.62587,-116.23507,2016-07-06T04:34:58.000000Z
2016,188.190960648,43.62588,-116.23507,2016-07-06T04:34:59.000000Z
2016,188.201157407,43.62588,-116.23509,2016-07-06T04:49:40.000000Z
2016,188.201168981,43.62587,-116.23509,2016-07-06T04:49:41.000000Z
2016,188.201180556,43.62587,-116.23509,2016-07-06T04:49:42.000000Z
2016,188.20119213,43.62587,-116.23508,2016-07-06T04:49:43.000000Z
2016,188.201203704,43.62587,-116.23509,2016-07-06T04:49:44.000000Z
2016,188.201215278,43.62588,-116.23509,2016-07-06T04:49:45.000000Z
2016,188.201226852,43.62589,-116.23509,2016-07-06T04:49:46.000000Z
2016,188.201238426,43.62589,-116.23509,2016-07-06T04:49:47.000000Z
2016,188.20125,43.62589,-116.23509,2016-07-06T04:49:48.000000Z
2016,188.201261574,43.62589,-116.2351,2016-07-06T04:49:49.000000Z
2016,188.201273148,43.62589,-116.2351,2016-07-06T04:49:50.000000Z
2016,188.201284722,43.62589,-116.2351,2016-07-06T04:49:51.000000Z
2016,188.201296296,43.62589,-116.2351,2016-07-06T04:49:52.000000Z
2016,188.20130787,43.62589,-116.2351,2016-07-06T04:49:53.000000Z
2016,188.201319444,43.62589,-116.2351,2016-07-06T04:49:54.000000Z
2016,188.201331019,43.62589,-116.2351,2016-07-06T04:49:55.000000Z
2016,188.201342593,43.62589,-116.2351,2016-07-06T04:49:56.000000Z
2016,188.201354167,43.62589,-116.2351,2016-07-06T04:49:57.000000Z
2016,188.201365741,43.62589,-116.2351,2016-07-06T04:49:58.000000Z
2016,188.201377315,43.62589,-116.2351,2016-07-06T04:49:59.000000Z
2016,188.211585648,43.62601,-116.23497,2016-07-06T05:04:41.000000Z
2016,188.211597222,43.62601,-116.23498,2016-07-06T05:04:42.000000Z
2016,188.211608796,43.62601,-116.23499,2016-07-06T05:04:43.000000Z
2016,188.21162037,43.62601,-116.23499,2016-07-06T05:04:44.000000Z
2016,188.211631944,43.626,-116.235,2016-07-06T05:04:45.000000Z
2016,188.211643519,43.62599,-116.235,2016-07-06T05:04:46.000000Z
2016,188.211655093,43.62598,-116.235,2016-07-06T05:04:47.000000Z
2016,188.211666667,43.62598,-116.23501,2016-07-06T05:04:48.000000Z
2016,188.211678241,43.62597,-116.23501,2016-07-06T05:04:49.000000Z
2016,188.211689815,43.62597,-116.23501,2016-07-06T05:04:50.000000Z
2016,188.211701389,43.62596,-116.23501,2016-07-06T05:04:51.000000Z
2016,188.211712963,43.62596,-116.23502,2016-07-06T05:04:52.000000Z
2016,188.211724537,43.62596,-116.23502,2016-07-06T05:04:53.000000Z
2016,188.211736111,43.62596,-116.23503,2016-07-06T05:04:54.000000Z
2016,188.211747685,43.62596,-116.23503,2016-07-06T05:04:55.000000Z
2016,188.211759259,43.62596,-116.23503,2016-07-06T05:04:56.000000Z
2016,188.211770833,43.62596,-116.23503,2016-07-06T05:04:57.000000Z
2016,188.211782407,43.62596,-116.23503,2016-07-06T05:04:58.000000Z
2016,188.211793981,43.62596,-116.23503,2016-07-06T05:04:59.000000Z
2016,188.211805556,43.62596,-116.23503,2016-07-06T05:05:00.000000Z
